Host	Date	MYb27	MYb45	MYb53	MYb56	MYb71	MYb120	MYb181	MYb238	Total
AU37	12319	120.00	0.00	140.00	0.00	2420.00	0.00	0.00	0.00	2680.00
AU37	12319	180.00	0.00	100.00	0.00	2900.00	0.00	0.00	0.00	3180.00
AU37	12319	200.00	0.00	20.00	0.00	5000.00	0.00	0.00	0.00	5220.00
AU37	12319	860.00	0.00	220.00	0.00	4600.00	0.00	0.00	6.00	5686.00
AU37	12319	3400.00	0.00	2200.00	0.00	18400.00	0.00	0.00	20.00	24020.00
AU37	12319	13200.00	0.00	800.00	0.00	10600.00	0.00	0.00	20.00	24620.00
AU37	12319	6000.00	0.00	800.00	0.00	18800.00	0.00	0.00	0.00	25600.00
AU37	12319	2600.00	0.00	2200.00	0.00	23000.00	60.00	0.00	200.00	28060.00
AU37	12319	6400.00	0.00	2200.00	0.00	20400.00	0.00	0.00	1400.00	30400.00
AU37	12319	11600.00	0.00	2800.00	200.00	40000.00	0.00	0.00	1200.00	55800.00
AU37	12319	15400.00	400.00	1400.00	0.00	48000.00	0.00	0.00	1800.00	67000.00
AU37	21319	20.00	0.00	460.00	540.00	1520.00	0.00	20.00	0.00	2560.00
AU37	21319	0.00	0.00	700.00	300.00	2460.00	0.00	120.00	0.00	3580.00
AU37	21319	0.00	0.00	680.00	800.00	2300.00	0.00	80.00	0.00	3860.00
AU37	21319	20.00	0.00	200.00	1000.00	2800.00	0.00	0.00	0.00	4020.00
AU37	21319	0.00	0.00	100.00	1200.00	3000.00	0.00	0.00	0.00	4300.00
AU37	21319	400.00	0.00	1000.00	2000.00	3600.00	0.00	0.00	0.00	7000.00
AU37	21319	880.00	0.00	280.00	1080.00	6000.00	0.00	20.00	20.00	8280.00
AU37	21319	20.00	0.00	800.00	2000.00	6800.00	0.00	20.00	0.00	9640.00
AU37	21319	0.00	0.00	600.00	3200.00	7200.00	0.00	400.00	0.00	11400.00
AU37	21319	0.00	0.00	1400.00	1000.00	9000.00	0.00	200.00	0.00	11600.00
AU37	21319	600.00	0.00	600.00	2400.00	9200.00	0.00	120.00	0.00	12920.00
AU37	21319	200.00	0.00	1000.00	6000.00	5800.00	0.00	20.00	0.00	13020.00
AU37	21319	100.00	0.00	400.00	2000.00	11200.00	0.00	0.00	0.00	13700.00
AU37	21319	2800.00	0.00	1800.00	2000.00	8200.00	0.00	0.00	0.00	14800.00
AU37	21319	200.00	0.00	600.00	8000.00	6400.00	0.00	0.00	0.00	15200.00
AU37	21319	0.00	0.00	1600.00	6000.00	7600.00	0.00	200.00	0.00	15400.00
AU37	21319	0.00	0.00	1400.00	4800.00	9400.00	0.00	200.00	0.00	15800.00
AU37	21319	200.00	0.00	400.00	5000.00	10200.00	0.00	0.00	0.00	15800.00
AU37	21319	200.00	0.00	800.00	800.00	14400.00	0.00	0.00	0.00	16200.00
AU37	21319	400.00	0.00	1400.00	1200.00	16600.00	0.00	200.00	0.00	19800.00
AU37	21319	200.00	0.00	1400.00	9000.00	9200.00	0.00	200.00	0.00	20000.00
AU37	21319	1600.00	9200.00	1000.00	3200.00	5200.00	0.00	0.00	0.00	20200.00
AU37	21319	0.00	0.00	800.00	10000.00	9200.00	0.00	200.00	0.00	20200.00
AU37	21319	2000.00	0.00	1400.00	5000.00	12800.00	0.00	0.00	0.00	21200.00
AU37	21319	200.00	0.00	400.00	7400.00	13400.00	0.00	0.00	0.00	21400.00
AU37	21319	0.00	0.00	600.00	8600.00	12800.00	0.00	0.00	0.00	22000.00
AU37	21319	1400.00	0.00	800.00	8000.00	11800.00	0.00	200.00	0.00	22200.00
AU37	21319	600.00	0.00	600.00	2400.00	18600.00	0.00	400.00	0.00	22600.00
AU37	21319	0.00	40.00	1800.00	2000.00	20000.00	0.00	0.00	0.00	23840.00
AU37	21319	1800.00	0.00	1800.00	6000.00	16200.00	0.00	200.00	0.00	26000.00
AU37	21319	1200.00	0.00	200.00	9600.00	16000.00	0.00	0.00	0.00	27000.00
AU37	21319	5000.00	0.00	3200.00	2000.00	17400.00	0.00	0.00	0.00	27600.00
AU37	21319	200.00	0.00	1600.00	5000.00	27000.00	0.00	200.00	0.00	34000.00
AU37	21319	2800.00	0.00	1800.00	1400.00	29400.00	0.00	0.00	200.00	35600.00
AU37	21319	600.00	0.00	600.00	10600.00	24800.00	0.00	0.00	0.00	36600.00
AU37	21319	600.00	0.00	0.00	14000.00	23800.00	0.00	0.00	0.00	38400.00
AU37	21319	2600.00	0.00	1000.00	5600.00	30000.00	0.00	0.00	200.00	39400.00
AU37	21319	200.00	0.00	200.00	7000.00	32800.00	0.00	0.00	0.00	40200.00
AU37	21319	1000.00	0.00	600.00	4000.00	38000.00	0.00	0.00	0.00	43600.00
AU37	21319	1400.00	0.00	1000.00	8800.00	38200.00	0.00	0.00	0.00	49400.00
AU37	21319	3000.00	0.00	1200.00	6000.00	40000.00	20.00	0.00	0.00	50220.00
AU37	21319	1000.00	2200.00	1600.00	5600.00	13600.00	0.00	1200.00	25200.00	50400.00
AU37	21319	1200.00	0.00	200.00	3000.00	63200.00	0.00	0.00	0.00	67600.00
AU37	21319	1200.00	0.00	3800.00	2800.00	60000.00	200.00	0.00	200.00	68200.00
AU37	21319	3600.00	0.00	2600.00	2800.00	70000.00	600.00	0.00	0.00	79600.00
AU37	22519	1000.00	0.00	1800.00	0.00	2400.00	0.00	100.00	60.00	5360.00
AU37	22519	200.00	0.00	1800.00	0.00	3600.00	0.00	0.00	200.00	5800.00
AU37	22519	400.00	0.00	2000.00	0.00	3600.00	0.00	0.00	200.00	6200.00
AU37	22519	200.00	0.00	3000.00	0.00	3000.00	0.00	0.00	20.00	6220.00
AU37	22519	600.00	0.00	1400.00	0.00	5200.00	0.00	0.00	40.00	7240.00
AU37	22519	100.00	0.00	2400.00	0.00	5200.00	0.00	0.00	200.00	7900.00
AU37	22519	400.00	20.00	2400.00	0.00	5000.00	0.00	0.00	200.00	8020.00
AU37	22519	800.00	200.00	2200.00	0.00	4800.00	0.00	0.00	80.00	8080.00
AU37	22519	600.00	80.00	1200.00	0.00	6600.00	0.00	0.00	40.00	8520.00
AU37	22519	1200.00	20.00	3000.00	0.00	4400.00	0.00	0.00	0.00	8620.00
AU37	22519	1000.00	0.00	2800.00	0.00	5000.00	0.00	0.00	60.00	8860.00
AU37	22519	400.00	0.00	3400.00	0.00	5000.00	0.00	0.00	120.00	8920.00
AU37	22519	200.00	0.00	2000.00	0.00	7400.00	0.00	0.00	20.00	9620.00
AU37	22519	600.00	0.00	1800.00	0.00	7400.00	0.00	0.00	200.00	10000.00
AU37	22519	200.00	0.00	2400.00	0.00	6400.00	0.00	0.00	1000.00	10000.00
AU37	22519	3000.00	0.00	2000.00	0.00	5000.00	0.00	0.00	20.00	10020.00
AU37	22519	200.00	0.00	3200.00	0.00	6600.00	0.00	0.00	200.00	10200.00
AU37	22519	1200.00	0.00	2400.00	0.00	8400.00	0.00	0.00	200.00	12200.00
AU37	22519	800.00	0.00	2800.00	800.00	8000.00	0.00	0.00	200.00	12600.00
AU37	22519	400.00	0.00	3800.00	0.00	7200.00	0.00	0.00	2000.00	13400.00
AU37	22519	2000.00	0.00	200.00	0.00	12400.00	0.00	0.00	40.00	14640.00
AU37	22519	4600.00	40.00	1800.00	0.00	8400.00	0.00	0.00	0.00	14840.00
AU37	22519	2000.00	0.00	3600.00	0.00	9800.00	0.00	0.00	200.00	15600.00
AU37	22519	1000.00	0.00	2600.00	800.00	12000.00	0.00	0.00	200.00	16600.00
AU37	22519	5800.00	0.00	4000.00	600.00	10000.00	0.00	0.00	400.00	20800.00
AU37	22519	1200.00	400.00	2400.00	400.00	17000.00	0.00	0.00	80.00	21480.00
AU37	22519	2400.00	600.00	3800.00	400.00	17000.00	0.00	0.00	20.00	24220.00
AU37	22519	7200.00	1200.00	2800.00	0.00	14600.00	0.00	0.00	60.00	25860.00
AU37	22519	3400.00	600.00	3600.00	0.00	18000.00	0.00	0.00	600.00	26200.00
AU37	22519	5000.00	20.00	1600.00	0.00	19400.00	0.00	0.00	400.00	26420.00
AU37	22519	1800.00	1200.00	2400.00	600.00	20600.00	0.00	0.00	80.00	26680.00
AU37	22519	8600.00	0.00	2000.00	0.00	16400.00	0.00	0.00	80.00	27080.00
AU37	22519	4200.00	600.00	4400.00	0.00	18200.00	0.00	0.00	400.00	27800.00
AU37	22519	3200.00	1000.00	2200.00	800.00	21400.00	0.00	0.00	600.00	29200.00
AU37	22519	8200.00	200.00	2600.00	0.00	20800.00	0.00	0.00	0.00	31800.00
AU37	22519	13000.00	0.00	1800.00	0.00	20000.00	0.00	0.00	60.00	34860.00
AU37	40319	400.00	0.00	2200.00	600.00	9600.00	0.00	0.00	0.00	12800.00
AU37	40319	200.00	0.00	1200.00	600.00	11400.00	20.00	0.00	200.00	13620.00
AU37	40319	200.00	0.00	2200.00	200.00	11600.00	0.00	0.00	200.00	14400.00
AU37	40319	200.00	0.00	2200.00	4600.00	8600.00	0.00	0.00	0.00	15600.00
AU37	40319	160.00	0.00	800.00	6600.00	8000.00	0.00	0.00	60.00	15620.00
AU37	40319	1000.00	0.00	2600.00	400.00	11600.00	0.00	0.00	80.00	15680.00
AU37	40319	400.00	0.00	2400.00	5000.00	8600.00	0.00	0.00	0.00	16400.00
AU37	40319	1800.00	0.00	3200.00	1000.00	28000.00	0.00	0.00	400.00	34400.00
AU37	40319	2800.00	0.00	10800.00	5600.00	21600.00	0.00	0.00	400.00	41200.00
AU37	40319	3400.00	200.00	8200.00	3000.00	56800.00	0.00	0.00	400.00	72000.00
AU37	40319	13600.00	0.00	2600.00	800.00	60000.00	100.00	0.00	5800.00	82900.00
AU37	40319	1000.00	200.00	46400.00	1200.00	46000.00	0.00	0.00	200.00	95000.00
AU37	103118	4600.00	20.00	1220.00	1500.00	400.00	0.00	0.00	40.00	7780.00
AU37	103118	6000.00	120.00	600.00	1680.00	1000.00	20.00	0.00	0.00	9420.00
AU37	103118	4000.00	0.00	1360.00	1660.00	5000.00	0.00	0.00	0.00	12020.00
AU37	103118	8000.00	0.00	1000.00	1600.00	2000.00	0.00	0.00	0.00	12600.00
AU37	103118	600.00	0.00	1100.00	2200.00	10000.00	0.00	0.00	0.00	13900.00
AU37	103118	14000.00	0.00	2000.00	1960.00	6000.00	0.00	0.00	0.00	23960.00
AU37	103118	12000.00	0.00	760.00	1800.00	10000.00	0.00	0.00	0.00	24560.00
AU37	103118	2060.00	0.00	17000.00	2160.00	4000.00	0.00	0.00	0.00	25220.00
AU37	103118	1440.00	0.00	16000.00	1960.00	6000.00	0.00	0.00	40.00	25440.00
AU37	103118	10000.00	0.00	4000.00	2080.00	10000.00	0.00	0.00	0.00	26080.00
AU37	103118	20000.00	0.00	2060.00	1300.00	20000.00	0.00	0.00	120.00	43480.00
ctls40	9112019	11400.00	2400.00	12600.00	600.00	14200.00	0.00	0.00	0.00	41200.00
ctls40	9112019	3800.00	0.00	7800.00	3600.00	14000.00	0.00	0.00	1600.00	30800.00
ctls40	9112019	360.00	60.00	320.00	0.00	1080.00	2.00	0.00	40.00	1862.00
ctls40	9112019	5200.00	1200.00	6200.00	80.00	12400.00	0.00	0.00	800.00	25880.00
ctls40	9112019	260.00	100.00	760.00	0.00	1700.00	0.00	0.00	80.00	2900.00
ctls40	9112019	520.00	40.00	540.00	6.00	740.00	0.00	0.00	8.00	1854.00
ctls40	9112019	20000.00	400.00	11200.00	400.00	46400.00	0.00	0.00	1000.00	79400.00
ctls40	9112019	0.00	0.00	700.00	0.00	1580.00	0.00	0.00	20.00	2300.00
ctls40	9112019	12400.00	0.00	11000.00	400.00	42000.00	0.00	0.00	0.00	65800.00
ctls40	9112019	10400.00	400.00	7600.00	1000.00	24000.00	0.00	0.00	600.00	44000.00
ctls40	9112019	1800.00	0.00	1200.00	0.00	10400.00	0.00	0.00	100.00	13500.00
ctls40	9112019	23200.00	400.00	11200.00	40.00	62800.00	0.00	0.00	800.00	98440.00
ctls40	10052019	200.0	0.0	480.0	0.0	1960.0	0.0	0.0	0.0	2640.0
ctls40	10052019	7200.0	1200.0	8000.0	0.0	24600.0	0.0	0.0	800.0	41800.0
ctls40	10052019	2000.0	200.0	2000.0	200.0	21400.0	0.0	0.0	4600.0	30400.0
ctls40	10052019	1200.0	0.0	5400.0	40.0	34600.0	600.0	0.0	6400.0	48240.0
ctls40	10052019	200.0	600.0	1400.0	0.0	14200.0	0.0	0.0	0.0	16400.0
ctls40	10052019	9000.0	20.0	4600.0	20.0	25000.0	0.0	0.0	0.0	38640.0
ctls40	10052019	5400.0	0.0	4200.0	0.0	25400.0	0.0	0.0	200.0	35200.0
ctls40	10052019	11400.0	1600.0	5200.0	200.0	33000.0	20.0	0.0	3000.0	54420.0
ctls40	10052019	6600.0	0.0	3800.0	40.0	33600.0	0.0	0.0	0.0	44040.0
ctls40	10052019	7600.0	400.0	2000.0	60.0	19000.0	0.0	0.0	600.0	29660.0
ctls40	10052019	1600.0	400.0	3200.0	0.0	23400.0	0.0	0.0	4400.0	33000.0
ctls40	10052019	2400.0	400.0	4400.0	20.0	29600.0	0.0	0.0	800.0	37620.0
ctls40	10052019	5400.0	0.0	3800.0	40.0	10000.0	0.0	0.0	400.0	19640.0
ctls40	10052019	4000.0	600.0	2800.0	0.0	4600.0	0.0	0.0	400.0	12400.0
ctls40	10052019	6200.0	0.0	400.0	20.0	1000.0	0.0	0.0	0.0	7620.0
ctls40	10052019	3800.0	0.0	3400.0	0.0	26000.0	0.0	0.0	400.0	33600.0
ctls40	10052019	3000.0	1600.0	3200.0	0.0	23600.0	0.0	0.0	600.0	32000.0
ctls40	10052019	1400.0	0.0	4400.0	100.0	23600.0	0.0	0.0	400.0	29900.0
ctls40	10052019	7200.0	0.0	7800.0	40.0	64000.0	0.0	0.0	0.0	79040.0
ctls40	10052019	800.0	20.0	1200.0	20.0	13200.0	0.0	0.0	1400.0	16640.0
ctls40	10052019	2600.0	200.0	4400.0	0.0	16400.0	0.0	0.0	200.0	23800.0
ctls40	10052019	1200.0	200.0	1400.0	0.0	9000.0	0.0	0.0	200.0	12000.0
ctls40	10052019	4400.0	0.0	3600.0	600.0	22600.0	0.0	0.0	20.0	31220.0
ctls40	10052019	3600.0	0.0	3600.0	0.0	20600.0	200.0	0.0	200.0	28200.0
ctls40	10052019	60.0	40.0	360.0	80.0	1680.0	0.0	0.0	60.0	2280.0
ctls40	10052019	5600.0	1000.0	5000.0	400.0	15000.0	0.0	0.0	1200.0	28200.0
ctls40	10052019	0.0	0.0	100.0	20.0	620.0	0.0	0.0	40.0	780.0
ctls40	10052019	10400.0	600.0	8800.0	100.0	54400.0	0.0	0.0	1000.0	75300.0
ctls40	10052019	800.0	0.0	3600.0	20.0	15400.0	0.0	0.0	80.0	19900.0
ctls40	10052019	120.0	0.0	1200.0	0.0	18000.0	0.0	0.0	200.0	19520.0
ctls40	10052019	2200.0	0.0	4200.0	0.0	25400.0	0.0	0.0	5000.0	36800.0
ctls40	10052019	40.0	20.0	180.0	0.0	1760.0	0.0	0.0	20.0	2020.0
ctls40	10052019	10800.0	800.0	6600.0	20.0	32000.0	60.0	0.0	200.0	50480.0
ctls40	10052019	100.0	0.0	2200.0	0.0	26600.0	0.0	0.0	200.0	29100.0
ctls40	10052019	3800.0	0.0	3000.0	0.0	32000.0	0.0	0.0	0.0	38800.0
ctls40	10052019	2000.0	1400.0	2800.0	200.0	10600.0	0.0	0.0	400.0	17400.0
daf16	6262019	3800.00	0.00	0.00	3000.00	19400.00	60.00	0.00	600.00	26860.00
daf16	6262019	0.00	0.00	0.00	0.00	1760.00	0.00	0.00	40.00	1800.00
daf16	6262019	3000.00	0.00	0.00	20.00	12000.00	200.00	0.00	2200.00	17420.00
daf16	6262019	0.00	0.00	0.00	0.00	26800.00	20.00	0.00	200.00	27020.00
daf16	7122019	28400.00	0.00	7400.00	6000.00	35800.00	0.00	0.00	1400.00	79000.00
daf16	7122019	40.00	20.00	20.00	0.00	1060.00	0.00	0.00	20.00	1160.00
daf16	7122019	6600.00	400.00	4000.00	1200.00	35600.00	200.00	0.00	18600.00	66600.00
daf16	7122019	31000.00	2200.00	3400.00	2000.00	30000.00	0.00	0.00	9400.00	78000.00
daf16	7122019	9600.00	1000.00	1000.00	200.00	5400.00	0.00	0.00	200.00	17400.00
daf16	7122019	16000.00	600.00	800.00	0.00	13400.00	200.00	0.00	800.00	31800.00
daf16	7122019	800.00	40.00	800.00	0.00	5800.00	0.00	0.00	0.00	7440.00
daf16	7122019	10200.00	0.00	1000.00	0.00	5000.00	0.00	0.00	400.00	16600.00
daf16	7122019	2400.00	40.00	400.00	0.00	5000.00	0.00	0.00	200.00	8040.00
daf16	7122019	18800.00	2600.00	1600.00	200.00	25000.00	0.00	0.00	6600.00	54800.00
daf16	7122019	8800.00	1200.00	400.00	1600.00	8200.00	0.00	0.00	1600.00	21800.00
daf16	7122019	4000.00	400.00	7400.00	2000.00	7000.00	20.00	0.00	800.00	21620.00
daf16	7122019	14400.00	0.00	400.00	200.00	4600.00	0.00	0.00	200.00	19800.00
daf16	7122019	720.00	100.00	540.00	0.00	1920.00	0.00	0.00	0.00	3280.00
daf16	7122019	3400.00	200.00	200.00	0.00	6200.00	0.00	0.00	400.00	10400.00
daf16	7122019	2200.00	0.00	200.00	0.00	115200.00	0.00	0.00	9200.00	126800.00
daf16	7122019	10000.00	200.00	200.00	0.00	9600.00	200.00	0.00	400.00	20600.00
daf16	7122019	10600.00	400.00	600.00	400.00	4200.00	20.00	0.00	0.00	16220.00
daf16	7122019	26000.00	0.00	6200.00	4000.00	30000.00	40.00	0.00	1600.00	67840.00
daf16	7122019	6600.00	400.00	2000.00	400.00	11000.00	0.00	0.00	800.00	21200.00
daf16	7122019	8400.00	200.00	400.00	0.00	10200.00	0.00	0.00	0.00	19200.00
daf16	7122019	16600.00	0.00	800.00	0.00	12400.00	0.00	0.00	800.00	30600.00
daf16	7122019	13400.00	400.00	1000.00	0.00	14000.00	0.00	0.00	400.00	29200.00
daf16	7122019	200.00	800.00	1000.00	0.00	21400.00	600.00	0.00	400.00	24400.00
daf16	7122019	20.00	20.00	500.00	0.00	1440.00	0.00	0.00	80.00	2060.00
daf16	7122019	43000.00	0.00	3200.00	400.00	40000.00	0.00	0.00	6000.00	92600.00
daf16	7122019	9800.00	400.00	600.00	800.00	11000.00	80.00	0.00	400.00	23080.00
daf16	7122019	3000.00	400.00	200.00	600.00	4400.00	0.00	0.00	400.00	9000.00
daf16	7122019	6000.00	200.00	200.00	400.00	7000.00	200.00	0.00	0.00	14000.00
daf16	7122019	5200.00	400.00	400.00	400.00	10600.00	200.00	0.00	0.00	17200.00
daf16	7122019	10000.00	600.00	400.00	20.00	4600.00	40.00	0.00	0.00	15660.00
daf16	7122019	9600.00	400.00	2000.00	800.00	10200.00	0.00	0.00	200.00	23200.00
daf16	7122019	8800.00	1600.00	1000.00	200.00	9800.00	0.00	0.00	1200.00	22600.00
daf16	7122019	6400.00	0.00	2400.00	2000.00	9800.00	0.00	0.00	600.00	21200.00
daf16	7122019	2000.00	80.00	400.00	400.00	5400.00	0.00	0.00	400.00	8680.00
daf16	7122019	8000.00	0.00	1000.00	2000.00	10200.00	0.00	0.00	0.00	21200.00
daf16	7292019	3200.00	0.00	800.00	1400.00	7600.00	0.00	20.00	400.00	13420.00
daf16	7292019	22000.00	200.00	400.00	1000.00	25600.00	0.00	4800.00	400.00	54400.00
daf16	7292019	16600.00	200.00	1200.00	800.00	17800.00	0.00	40.00	400.00	37040.00
daf16	7292019	16200.00	1200.00	800.00	1000.00	56800.00	0.00	0.00	5400.00	81400.00
daf16	7292019	4200.00	0.00	400.00	12200.00	3000.00	0.00	0.00	200.00	20000.00
daf16	7292019	9400.00	0.00	3600.00	2000.00	32800.00	0.00	0.00	200.00	48000.00
daf16	7292019	12000.00	800.00	3800.00	1600.00	29200.00	0.00	0.00	1000.00	48400.00
daf16	7292019	2000.00	0.00	1200.00	2000.00	13000.00	0.00	0.00	400.00	18600.00
daf16	7292019	1200.00	0.00	0.00	10000.00	5000.00	0.00	0.00	140.00	16340.00
daf16	7292019	1000.00	200.00	400.00	1400.00	53600.00	0.00	0.00	2600.00	59200.00
daf16	7292019	7400.00	200.00	1400.00	1000.00	22400.00	0.00	0.00	1400.00	33800.00
daf16	7292019	5200.00	1000.00	1000.00	6000.00	10000.00	200.00	0.00	600.00	24000.00
daf16	7292019	1800.00	0.00	400.00	6400.00	7800.00	0.00	200.00	200.00	16800.00
daf16	7292019	26000.00	200.00	2400.00	8200.00	5600.00	0.00	0.00	1000.00	43400.00
daf16	7292019	1800.00	0.00	1000.00	5800.00	5400.00	0.00	600.00	0.00	14600.00
daf16	7292019	3400.00	0.00	1400.00	1800.00	14000.00	0.00	400.00	1400.00	22400.00
daf16	7292019	9800.00	200.00	2600.00	2000.00	18400.00	0.00	0.00	1000.00	34000.00
daf16	7292019	2200.00	0.00	800.00	1400.00	12200.00	0.00	400.00	400.00	17400.00
daf16	7292019	1200.00	0.00	1000.00	6400.00	11400.00	0.00	0.00	400.00	20400.00
daf16	7292019	2400.00	400.00	2400.00	1600.00	11400.00	800.00	0.00	400.00	19400.00
daf16	7292019	800.00	0.00	200.00	4600.00	8600.00	0.00	0.00	200.00	14400.00
daf16	7292019	12800.00	0.00	400.00	4000.00	7000.00	0.00	200.00	100.00	24500.00
daf16	7292019	8000.00	200.00	1600.00	2000.00	15600.00	400.00	0.00	800.00	28600.00
daf16	7292019	2600.00	200.00	200.00	2600.00	12000.00	0.00	0.00	200.00	17800.00
daf16	7292019	14000.00	1200.00	800.00	1200.00	8600.00	0.00	400.00	400.00	26600.00
daf16	7292019	1600.00	0.00	0.00	1000.00	4000.00	0.00	200.00	200.00	7000.00
daf16	7292019	600.00	0.00	0.00	14000.00	4000.00	0.00	200.00	200.00	19000.00
daf16	7292019	4200.00	400.00	2600.00	6000.00	5800.00	0.00	3600.00	400.00	23000.00
daf16	7292019	20800.00	600.00	3000.00	800.00	32800.00	40.00	0.00	1200.00	59240.00
daf16	7292019	1400.00	1000.00	600.00	5000.00	8800.00	0.00	0.00	0.00	16800.00
daf16	7292019	12400.00	200.00	2000.00	600.00	9600.00	0.00	0.00	800.00	25600.00
daf16	7292019	7800.00	0.00	400.00	10000.00	17600.00	0.00	0.00	600.00	36400.00
daf16	7292019	1000.00	0.00	200.00	3600.00	4200.00	0.00	0.00	400.00	9400.00
daf16	7292019	1400.00	0.00	0.00	7600.00	11000.00	0.00	0.00	1000.00	21000.00
daf16	7292019	6400.00	200.00	800.00	2000.00	10200.00	0.00	0.00	600.00	20200.00
daf16	7292019	7600.00	0.00	1800.00	1600.00	18400.00	0.00	0.00	200.00	29600.00
daf16	8162019	1000.00	7600.00	400.00	0.00	200.00	0.00	0.00	54400.00	63600.00
daf16	8162019	8200.00	0.00	6400.00	6400.00	0.00	20.00	0.00	0.00	21020.00
daf16	8162019	9000.00	600.00	4600.00	2000.00	46000.00	0.00	0.00	3200.00	65400.00
daf16	8162019	960.00	0.00	360.00	0.00	0.00	0.00	0.00	60.00	1380.00
daf16	8162019	6440.00	200.00	140.00	600.00	4200.00	0.00	0.00	260.00	11840.00
daf16	8162019	36400.00	0.00	4600.00	3000.00	0.00	0.00	200.00	400.00	44600.00
daf16	8162019	1780.00	40.00	280.00	0.00	20.00	240.00	220.00	60.00	2640.00
daf16	8162019	160.00	0.00	60.00	40.00	2500.00	0.00	0.00	420.00	3180.00
daf16	8162019	28400.00	800.00	4000.00	2600.00	24400.00	0.00	0.00	1200.00	61400.00
daf16	8162019	1540.00	0.00	460.00	0.00	40.00	0.00	0.00	180.00	2220.00
daf16	8162019	19400.00	0.00	7400.00	600.00	0.00	0.00	800.00	0.00	28200.00
daf16	8162019	26000.00	600.00	1200.00	2000.00	36600.00	200.00	6000.00	6400.00	79000.00
daf16	8162019	51400.00	0.00	9000.00	0.00	43600.00	0.00	1000.00	1600.00	106600.00
daf16	8162019	19600.00	0.00	2400.00	8600.00	4800.00	0.00	0.00	2800.00	38200.00
daf16	8162019	31000.00	0.00	2400.00	2600.00	37600.00	0.00	0.00	1400.00	75000.00
daf16	8162019	48200.00	800.00	6200.00	1200.00	13400.00	0.00	0.00	2600.00	72400.00
daf16	8162019	47400.00	800.00	2600.00	3000.00	24000.00	0.00	400.00	4400.00	82600.00
daf16	8162019	16200.00	0.00	3600.00	5200.00	200.00	0.00	0.00	400.00	25600.00
daf16	8162019	6800.00	400.00	800.00	400.00	600.00	0.00	11800.00	9000.00	29800.00
daf16	8162019	46000.00	600.00	5400.00	800.00	25600.00	0.00	400.00	17200.00	96000.00
daf16	8162019	14400.00	0.00	1200.00	600.00	200.00	0.00	200.00	600.00	17200.00
daf16	8162019	30600.00	0.00	16800.00	2400.00	0.00	600.00	200.00	1200.00	51800.00
daf16	8162019	3600.00	0.00	7000.00	4600.00	0.00	0.00	0.00	51000.00	66200.00
daf16	8162019	30000.00	3200.00	2000.00	2000.00	30000.00	0.00	0.00	11600.00	78800.00
daf2	40319	0.00	0.00	280.00	0.00	800.00	0.00	0.00	0.00	1080.00
daf2	40319	0.00	0.00	0.00	0.00	1240.00	0.00	0.00	20.00	1260.00
daf2	40319	20.00	0.00	400.00	0.00	1040.00	40.00	0.00	0.00	1500.00
daf2	40319	0.00	0.00	120.00	260.00	1400.00	0.00	0.00	20.00	1800.00
daf2	40319	0.00	0.00	520.00	0.00	1440.00	0.00	0.00	0.00	1960.00
daf2	40319	0.00	0.00	200.00	0.00	1860.00	0.00	0.00	0.00	2060.00
daf2	40319	0.00	0.00	200.00	0.00	1960.00	0.00	0.00	20.00	2180.00
daf2	40319	20.00	0.00	1400.00	0.00	3600.00	0.00	0.00	40.00	5060.00
daf2	40319	20.00	0.00	0.00	0.00	8800.00	0.00	0.00	0.00	8820.00
daf2	5102019	0.00	0.00	0.00	0.00	2000.00	0.00	0.00	0.00	2000.00
daf2	5102019	8.00	0.00	0.00	0.00	300.00	0.00	0.00	0.00	308.00
daf2	5102019	4.00	0.00	0.00	0.00	600.00	0.00	0.00	2.00	606.00
daf2	5102019	22.00	0.00	0.00	60.00	72.00	0.00	0.00	0.00	154.00
daf2	5102019	10.00	0.00	2.00	0.00	280.00	0.00	0.00	0.00	292.00
daf2	5102019	0.00	0.00	40.00	0.00	6000.00	0.00	0.00	80.00	6120.00
daf2	5102019	80.00	0.00	0.00	0.00	2480.00	0.00	0.00	0.00	2560.00
daf2	5102019	0.00	0.00	120.00	0.00	640.00	0.00	0.00	0.00	760.00
daf2	5102019	10.00	0.00	2.00	0.00	92.00	0.00	0.00	0.00	104.00
daf2	5102019	2.00	0.00	0.00	0.00	1280.00	0.00	0.00	2.00	1284.00
daf2	5102019	2.00	0.00	2.00	0.00	92.00	0.00	0.00	4.00	100.00
daf2	5102019	4.00	0.00	0.00	0.00	1360.00	0.00	0.00	2.00	1366.00
daf2	5102019	0.00	0.00	0.00	0.00	3800.00	0.00	0.00	0.00	3800.00
daf2	5102019	0.00	0.00	0.00	0.00	1620.00	0.00	0.00	20.00	1640.00
daf2	5102019	18.00	6.00	4.00	0.00	94.00	0.00	0.00	0.00	122.00
daf2	5102019	440.00	0.00	60.00	620.00	1520.00	0.00	0.00	0.00	2640.00
daf2	5102019	10.00	0.00	2.00	0.00	174.00	0.00	0.00	4.00	190.00
daf2	5102019	60.00	0.00	40.00	6.00	6320.00	0.00	0.00	40.00	6466.00
daf2	5102019	10.00	0.00	2.00	0.00	300.00	0.00	0.00	4.00	316.00
daf2	5102019	8.00	0.00	2.00	0.00	1200.00	0.00	0.00	2.00	1212.00
daf2	5102019	0.00	0.00	0.00	0.00	700.00	0.00	0.00	0.00	700.00
daf2	5102019	2.00	0.00	0.00	0.00	382.00	0.00	0.00	4.00	388.00
daf2	5102019	8.00	0.00	2.00	0.00	80.00	0.00	0.00	0.00	90.00
daf2	5102019	0.00	0.00	0.00	0.00	620.00	0.00	0.00	0.00	620.00
daf2	5102019	0.00	0.00	20.00	0.00	4000.00	0.00	0.00	0.00	4020.00
daf2	5102019	1960.00	460.00	100.00	60.00	10000.00	0.00	0.00	20.00	12600.00
daf2	5102019	340.00	40.00	0.00	800.00	300.00	0.00	0.00	40.00	1520.00
daf2	5102019	8.00	0.00	0.00	100.00	32.00	0.00	0.00	36.00	176.00
daf2	5102019	40.00	0.00	4.00	10.00	540.00	0.00	0.00	2.00	596.00
daf2	5102019	28.00	2.00	4.00	0.00	94.00	0.00	0.00	0.00	128.00
daf2	5102019	2100.00	140.00	160.00	2.00	5000.00	0.00	0.00	20.00	7422.00
daf2	5102019	48.00	2.00	2.00	0.00	106.00	0.00	0.00	0.00	158.00
daf2	5102019	26.00	0.00	2.00	0.00	140.00	0.00	0.00	16.00	184.00
daf2	5102019	14.00	0.00	2.00	0.00	134.00	0.00	0.00	4.00	154.00
daf2	5102019	44.00	4.00	2.00	0.00	106.00	0.00	0.00	2.00	158.00
daf2	5102019	40.00	0.00	10.00	0.00	300.00	0.00	0.00	18.00	368.00
daf2	5102019	0.00	0.00	2.00	0.00	102.00	0.00	0.00	100.00	204.00
daf2	5102019	40.00	0.00	20.00	40.00	420.00	0.00	0.00	60.00	580.00
daf2	5102019	0.00	0.00	20.00	0.00	720.00	0.00	0.00	60.00	800.00
daf2	5102019	2.00	2.00	10.00	0.00	164.00	0.00	0.00	16.00	194.00
daf2	5102019	20.00	20.00	20.00	0.00	320.00	2.00	0.00	20.00	402.00
daf2	5102019	120.00	20.00	10.00	0.00	640.00	0.00	0.00	100.00	890.00
daf2	5102019	920.00	80.00	100.00	0.00	720.00	60.00	0.00	200.00	2080.00
daf2	9112019	0.00	0.00	80.00	140.00	220.00	0.00	0.00	2.00	442.00
daf2	9112019	0.00	0.00	46.00	82.00	118.00	0.00	0.00	0.00	246.00
daf2	9112019	0.00	0.00	80.00	680.00	1360.00	0.00	0.00	0.00	2120.00
daf2	9112019	10.00	0.00	26.00	64.00	122.00	0.00	0.00	6.00	228.00
daf2	9112019	0.00	0.00	14.00	80.00	66.00	0.00	0.00	2.00	162.00
daf2	9112019	4.00	2.00	80.00	140.00	400.00	0.00	0.00	60.00	686.00
daf2	9112019	0.00	0.00	100.00	160.00	420.00	0.00	0.00	140.00	820.00
daf2	9112019	20.00	0.00	640.00	220.00	2780.00	0.00	0.00	6.00	3666.00
daf2	9112019	0.00	0.00	40.00	440.00	280.00	0.00	0.00	0.00	760.00
daf2	9112019	0.00	0.00	0.00	0.00	0.00	0.00	0.00	0.00	0.00
daf2	9112019	40.00	0.00	40.00	840.00	560.00	0.00	0.00	60.00	1540.00
daf2	9112019	0.00	0.00	20.00	160.00	340.00	0.00	0.00	4.00	524.00
daf2	9112019	0.00	0.00	360.00	60.00	1920.00	0.00	0.00	20.00	2360.00
daf2	9112019	20.00	20.00	20.00	400.00	280.00	0.00	0.00	20.00	760.00
daf2	9112019	10.00	40.00	440.00	140.00	680.00	0.00	0.00	60.00	1370.00
daf2	9112019	2.00	2.00	140.00	800.00	1060.00	0.00	0.00	2.00	2006.00
daf2	9112019	0.00	0.00	80.00	620.00	1680.00	0.00	0.00	2.00	2382.00
daf2	9112019	140.00	40.00	380.00	220.00	1140.00	0.00	0.00	20.00	1940.00
daf2	9112019	220.00	0.00	460.00	160.00	1460.00	0.00	0.00	4960.00	7260.00
daf2	9112019	0.00	0.00	460.00	120.00	560.00	0.00	0.00	2.00	1142.00
daf2	9112019	0.00	0.00	400.00	600.00	860.00	0.00	0.00	60.00	1920.00
daf2	9112019	0.00	0.00	200.00	260.00	1180.00	0.00	0.00	2.00	1642.00
daf2	9112019	0.00	0.00	120.00	560.00	1620.00	0.00	0.00	4.00	2304.00
daf2	9112019	0.00	20.00	720.00	40.00	680.00	0.00	0.00	20.00	1480.00
dbl1	6262019	400.00	40.00	60.00	0.00	1400.00	0.00	0.00	3200.00	5100.00
dbl1	6262019	60.00	0.00	200.00	0.00	1860.00	0.00	0.00	240.00	2360.00
dbl1	6262019	20.00	0.00	0.00	0.00	760.00	0.00	0.00	180.00	960.00
dbl1	6262019	400.00	0.00	60.00	100.00	2000.00	0.00	0.00	6400.00	8960.00
dbl1	6262019	60.00	0.00	40.00	0.00	7800.00	0.00	0.00	200.00	8100.00
dbl1	6262019	20.00	400.00	400.00	0.00	3600.00	0.00	0.00	20.00	4440.00
dbl1	6262019	0.00	0.00	200.00	0.00	400.00	200.00	0.00	4000.00	4800.00
dbl1	6262019	180.00	100.00	100.00	0.00	1240.00	20.00	0.00	140.00	1780.00
dbl1	6262019	600.00	2000.00	1600.00	0.00	40000.00	0.00	0.00	7000.00	51200.00
dbl1	6262019	0.00	0.00	20.00	300.00	1120.00	0.00	0.00	680.00	2120.00
dbl1	6262019	60.00	0.00	20.00	0.00	320.00	0.00	0.00	740.00	1140.00
dbl1	6262019	200.00	20.00	40.00	0.00	7200.00	0.00	0.00	18400.00	25860.00
dbl1	6262019	1600.00	400.00	400.00	0.00	6000.00	400.00	0.00	1600.00	10400.00
dbl1	6262019	40.00	0.00	0.00	0.00	760.00	0.00	0.00	1260.00	2060.00
dbl1	6262019	60.00	0.00	400.00	200.00	960.00	0.00	0.00	580.00	2200.00
dbl1	6262019	40.00	40.00	20.00	0.00	1300.00	0.00	0.00	1460.00	2860.00
dbl1	6262019	0.00	60.00	40.00	0.00	640.00	0.00	0.00	60.00	800.00
dbl1	6262019	20.00	0.00	20.00	0.00	540.00	0.00	0.00	140.00	720.00
dbl1	6262019	60.00	300.00	180.00	0.00	2840.00	0.00	0.00	160.00	3540.00
dbl1	6262019	0.00	20.00	0.00	0.00	800.00	0.00	0.00	4200.00	5020.00
dbl1	6262019	60.00	0.00	20.00	0.00	400.00	0.00	0.00	60.00	540.00
dbl1	6262019	20.00	0.00	0.00	0.00	880.00	0.00	0.00	320.00	1220.00
dbl1	6262019	360.00	80.00	40.00	0.00	700.00	20.00	0.00	260.00	1460.00
dbl1	6262019	60.00	0.00	0.00	0.00	20000.00	0.00	0.00	60000.00	80060.00
dbl1	6262019	280.00	100.00	20.00	0.00	1060.00	0.00	0.00	80.00	1540.00
dbl1	6262019	60.00	4800.00	400.00	0.00	400.00	0.00	0.00	1000.00	6660.00
dbl1	6262019	100.00	0.00	0.00	0.00	220.00	0.00	0.00	1960.00	2280.00
dbl1	6262019	120.00	20.00	40.00	0.00	300.00	0.00	0.00	40.00	520.00
dbl1	6262019	40.00	0.00	20.00	0.00	6080.00	0.00	0.00	200.00	6340.00
dbl1	6262019	100.00	0.00	20.00	0.00	1260.00	0.00	0.00	120.00	1500.00
dbl1	6262019	180.00	660.00	300.00	0.00	2580.00	0.00	0.00	80.00	3800.00
dbl1	6262019	120.00	20.00	20.00	0.00	6000.00	0.00	0.00	100.00	6260.00
dbl1	6262019	140.00	0.00	0.00	0.00	460.00	0.00	0.00	180.00	780.00
dbl1	7122019	1600.00	1000.00	3000.00	0.00	7200.00	0.00	20.00	600.00	13420.00
dbl1	7122019	160.00	200.00	300.00	0.00	1740.00	0.00	0.00	120.00	2520.00
dbl1	7122019	1000.00	400.00	1600.00	0.00	5800.00	0.00	0.00	200.00	9000.00
dbl1	7122019	6400.00	800.00	1400.00	600.00	38600.00	0.00	200.00	5400.00	53400.00
dbl1	7122019	400.00	200.00	1400.00	600.00	14600.00	200.00	0.00	0.00	17400.00
dbl1	7122019	1200.00	1800.00	1200.00	200.00	5800.00	0.00	0.00	200.00	10400.00
dbl1	7122019	240.00	260.00	840.00	0.00	2660.00	0.00	0.00	120.00	4120.00
dbl1	7122019	320.00	140.00	600.00	0.00	2020.00	0.00	0.00	160.00	3240.00
dbl1	7122019	560.00	220.00	660.00	640.00	2260.00	0.00	0.00	240.00	4580.00
dbl1	7122019	2400.00	400.00	1000.00	400.00	11400.00	0.00	0.00	600.00	16200.00
dbl1	7122019	4600.00	600.00	2400.00	1000.00	13400.00	0.00	0.00	400.00	22400.00
dbl1	7122019	800.00	160.00	800.00	0.00	10000.00	20.00	0.00	120.00	11900.00
dbl1	7122019	4600.00	1000.00	600.00	1000.00	7800.00	40.00	0.00	200.00	15240.00
dbl1	7122019	520.00	180.00	440.00	0.00	4260.00	140.00	40.00	80.00	5660.00
dbl1	7122019	240.00	180.00	240.00	0.00	2060.00	0.00	0.00	20.00	2740.00
dbl1	7122019	900.00	280.00	440.00	0.00	3820.00	0.00	0.00	200.00	5640.00
dbl1	7122019	700.00	140.00	120.00	0.00	4780.00	140.00	20.00	400.00	6300.00
dbl1	7122019	4600.00	200.00	1800.00	0.00	11200.00	0.00	0.00	800.00	18600.00
dbl1	7122019	1000.00	200.00	200.00	0.00	7000.00	0.00	0.00	600.00	9000.00
dbl1	7122019	4600.00	200.00	200.00	0.00	4600.00	200.00	0.00	200.00	10000.00
dbl1	7122019	400.00	400.00	400.00	0.00	2800.00	2800.00	0.00	200.00	7000.00
dbl1	7122019	800.00	60.00	340.00	0.00	3460.00	20.00	0.00	200.00	4880.00
dbl1	7122019	2200.00	400.00	200.00	0.00	56000.00	0.00	0.00	400.00	59200.00
dbl1	7122019	400.00	0.00	400.00	0.00	80000.00	0.00	0.00	0.00	80800.00
dbl1	7122019	180.00	120.00	140.00	0.00	2100.00	20.00	0.00	140.00	2700.00
dbl1	7122019	3600.00	200.00	800.00	0.00	3800.00	0.00	0.00	400.00	8800.00
dbl1	7122019	420.00	60.00	80.00	0.00	660.00	0.00	0.00	100.00	1320.00
dbl1	7122019	600.00	200.00	200.00	200.00	7600.00	20.00	0.00	5400.00	14220.00
dbl1	7122019	600.00	160.00	240.00	0.00	2000.00	60.00	0.00	4000.00	7060.00
dbl1	7122019	600.00	400.00	800.00	200.00	9200.00	0.00	0.00	0.00	11200.00
dbl1	7122019	380.00	340.00	420.00	0.00	2940.00	20.00	0.00	0.00	4100.00
dbl1	7122019	1400.00	1400.00	1800.00	100.00	12600.00	0.00	0.00	400.00	17700.00
dbl1	7122019	320.00	340.00	480.00	0.00	2300.00	0.00	0.00	80.00	3520.00
dbl1	7122019	12200.00	1000.00	2000.00	0.00	14400.00	0.00	0.00	2200.00	31800.00
dbl1	7122019	180.00	320.00	320.00	0.00	3460.00	20.00	0.00	40.00	4340.00
dbl1	7122019	820.00	360.00	240.00	0.00	2600.00	260.00	0.00	1400.00	5680.00
decc1	10919	800.00	0.00	600.00	400.00	2600.00	0.00	0.00	0.00	4400.00
decc1	10919	600.00	0.00	3000.00	0.00	800.00	200.00	0.00	0.00	4600.00
decc1	10919	600.00	0.00	1000.00	40.00	9200.00	60.00	0.00	200.00	11100.00
decc1	10919	600.00	0.00	800.00	0.00	12800.00	0.00	0.00	0.00	14200.00
decc1	10919	1000.00	0.00	2200.00	80.00	12000.00	0.00	0.00	0.00	15280.00
decc1	10919	1200.00	0.00	3800.00	60.00	15800.00	0.00	0.00	400.00	21260.00
decc1	10919	200.00	0.00	2000.00	400.00	24800.00	0.00	0.00	0.00	27400.00
decc1	10919	6800.00	0.00	2400.00	300.00	28000.00	0.00	0.00	400.00	37900.00
decc1	12319	200.00	0.00	1600.00	0.00	25200.00	0.00	200.00	200.00	27400.00
decc1	12319	140.00	0.00	1600.00	0.00	30600.00	0.00	0.00	0.00	32340.00
decc1	12319	600.00	0.00	4600.00	0.00	36000.00	20.00	0.00	100.00	41320.00
decc1	12319	1000.00	0.00	4400.00	0.00	50000.00	0.00	0.00	0.00	55400.00
decc1	12319	2400.00	0.00	3800.00	0.00	60000.00	0.00	0.00	3000.00	69200.00
decc1	12319	400.00	0.00	33000.00	0.00	40000.00	0.00	0.00	0.00	73400.00
decc1	12319	200.00	0.00	18400.00	0.00	60000.00	0.00	0.00	0.00	78600.00
decc1	12319	0.00	0.00	2800.00	0.00	82200.00	60.00	0.00	0.00	85060.00
decc1	12319	1000.00	0.00	7800.00	0.00	80000.00	200.00	0.00	0.00	89000.00
decc1	13019	0.00	0.00	400.00	0.00	1320.00	0.00	0.00	20.00	1740.00
decc1	13019	420.00	0.00	780.00	0.00	520.00	0.00	0.00	280.00	2000.00
decc1	13019	2200.00	0.00	2800.00	0.00	3200.00	0.00	0.00	200.00	8400.00
decc1	13019	0.00	0.00	40.00	0.00	10400.00	0.00	0.00	20.00	10460.00
decc1	13019	200.00	0.00	0.00	0.00	12800.00	0.00	0.00	200.00	13200.00
decc1	13019	200.00	0.00	400.00	0.00	24200.00	0.00	0.00	0.00	24800.00
decc1	13019	8400.00	0.00	3000.00	0.00	50000.00	0.00	0.00	2600.00	64000.00
decc1	13019	0.00	0.00	13400.00	0.00	40000.00	0.00	0.00	40000.00	93400.00
decc1	6142019	200.00	0.00	1600.00	9600.00	14400.00	0.00	60.00	200.00	26060.00
decc1	6142019	400.00	0.00	3400.00	2000.00	23800.00	0.00	0.00	0.00	29600.00
decc1	6142019	800.00	200.00	400.00	0.00	45600.00	80.00	200.00	600.00	47880.00
decc1	6142019	0.00	0.00	1400.00	0.00	10000.00	0.00	0.00	2400.00	13800.00
decc1	6142019	0.00	0.00	2400.00	200.00	118400.00	0.00	20.00	600.00	121620.00
decc1	6142019	0.00	0.00	4000.00	0.00	39200.00	0.00	2200.00	8800.00	54200.00
decc1	6142019	400.00	200.00	1200.00	0.00	10800.00	0.00	0.00	1200.00	13800.00
decc1	6142019	0.00	0.00	400.00	0.00	60000.00	0.00	0.00	152800.00	213200.00
decc1	6142019	200.00	0.00	1000.00	0.00	35000.00	120.00	0.00	1400.00	37720.00
decc1	6142019	100.00	20.00	480.00	0.00	1920.00	0.00	0.00	280.00	2800.00
decc1	6142019	1180.00	0.00	440.00	0.00	1340.00	0.00	0.00	280.00	3240.00
decc1	6142019	5000.00	0.00	3000.00	0.00	3000.00	20.00	20.00	400.00	11440.00
decc1	6142019	5200.00	0.00	1000.00	0.00	23800.00	0.00	0.00	2200.00	32200.00
decc1	6142019	0.00	0.00	1000.00	0.00	11400.00	0.00	0.00	0.00	12400.00
decc1	6142019	3000.00	0.00	2600.00	0.00	41800.00	0.00	0.00	600.00	48000.00
decc1	6142019	0.00	0.00	340.00	0.00	1800.00	0.00	0.00	320.00	2460.00
decc1	6142019	220.00	0.00	460.00	0.00	3860.00	0.00	0.00	460.00	5000.00
decc1	6142019	680.00	0.00	560.00	0.00	2560.00	0.00	40.00	360.00	4200.00
decc1	6142019	780.00	240.00	520.00	0.00	2160.00	0.00	0.00	920.00	4620.00
decc1	6142019	200.00	0.00	2200.00	0.00	14200.00	0.00	0.00	200.00	16800.00
decc1	6142019	0.00	0.00	800.00	0.00	13400.00	0.00	0.00	600.00	14800.00
decc1	6192019	400.00	0.00	400.00	0.00	28000.00	0.00	0.00	0.00	28800.00
decc1	6192019	1000.00	200.00	2000.00	0.00	60000.00	0.00	0.00	800.00	64000.00
decc1	6192019	1400.00	0.00	200.00	0.00	10000.00	200.00	0.00	400.00	12200.00
decc1	6192019	800.00	1200.00	200.00	0.00	48000.00	400.00	20.00	800.00	51420.00
decc1	6192019	2200.00	800.00	1000.00	0.00	31600.00	400.00	0.00	3400.00	39400.00
decc1	6192019	2600.00	1000.00	4200.00	0.00	47000.00	200.00	0.00	8800.00	63800.00
decc1	6192019	600.00	200.00	600.00	0.00	29000.00	0.00	0.00	200.00	30600.00
decc1	6192019	2000.00	200.00	1600.00	0.00	40000.00	0.00	0.00	1200.00	45000.00
decc1	6192019	40.00	20.00	400.00	0.00	28200.00	140.00	0.00	2200.00	31000.00
decc1	6192019	7200.00	200.00	1000.00	0.00	16400.00	200.00	0.00	800.00	25800.00
decc1	6192019	1200.00	200.00	1200.00	0.00	30000.00	0.00	0.00	60000.00	92600.00
decc1	6192019	400.00	800.00	600.00	0.00	12400.00	0.00	0.00	5800.00	20000.00
decc1	6192019	0.00	200.00	200.00	0.00	2200.00	0.00	0.00	400.00	3000.00
decc1	6192019	200.00	800.00	0.00	0.00	11400.00	0.00	0.00	200.00	12600.00
decc1	6192019	2000.00	200.00	1800.00	0.00	13000.00	100.00	200.00	400.00	17700.00
decc1	6192019	7600.00	1000.00	1400.00	0.00	32000.00	4600.00	0.00	13000.00	59600.00
decc1	6192019	600.00	800.00	200.00	0.00	11000.00	40.00	0.00	26000.00	38640.00
decc1	6192019	200.00	200.00	400.00	0.00	13200.00	0.00	0.00	200.00	14200.00
decc1	6192019	2600.00	600.00	400.00	0.00	16400.00	0.00	0.00	23800.00	43800.00
decc1	6192019	22200.00	400.00	3400.00	0.00	45000.00	0.00	0.00	600.00	71600.00
decc1	6192019	1600.00	200.00	1600.00	0.00	26800.00	0.00	20.00	1200.00	31420.00
decc1	6192019	200.00	0.00	140.00	0.00	30000.00	0.00	20.00	40000.00	70360.00
decc1	6192019	1000.00	0.00	200.00	0.00	11000.00	20.00	0.00	15400.00	27620.00
decc1	6192019	200.00	1200.00	400.00	0.00	15400.00	0.00	0.00	1600.00	18800.00
decc1	6192019	80.00	20.00	60.00	0.00	1340.00	0.00	0.00	20.00	1520.00
decc1	6192019	2200.00	1600.00	1800.00	0.00	20000.00	0.00	200.00	6200.00	32000.00
decc1	6192019	80.00	120.00	60.00	0.00	5000.00	80.00	0.00	2000.00	7340.00
decc1	6192019	0.00	260.00	0.00	0.00	500.00	20.00	0.00	2000.00	2780.00
decc1	6192019	1600.00	200.00	800.00	0.00	23200.00	0.00	0.00	400.00	26200.00
decc1	6192019	200.00	1200.00	200.00	0.00	18400.00	0.00	0.00	3000.00	23000.00
decc1	6192019	0.00	6.00	20.00	0.00	2600.00	0.00	18.00	3000.00	5644.00
decc1	6192019	12800.00	400.00	4800.00	0.00	43000.00	0.00	0.00	3200.00	64200.00
decc1	6192019	1600.00	80.00	2400.00	0.00	2400.00	0.00	0.00	600.00	7080.00
decc1	6192019	4200.00	800.00	3000.00	0.00	18800.00	0.00	0.00	6400.00	33200.00
decc1	6192019	120.00	0.00	180.00	0.00	3000.00	0.00	0.00	4000.00	7300.00
decc1	6192019	13000.00	800.00	6000.00	0.00	11400.00	0.00	1600.00	19000.00	51800.00
decc1	6192019	5000.00	800.00	2800.00	0.00	35200.00	0.00	20.00	200.00	44020.00
decc1	6192019	14600.00	2200.00	3000.00	0.00	80000.00	0.00	0.00	11000.00	110800.00
decc1	6192019	200.00	6200.00	40.00	0.00	40000.00	20.00	0.00	6000.00	52460.00
decc1	6192019	0.00	1800.00	400.00	0.00	14600.00	0.00	0.00	1200.00	18000.00
decc1	6192019	560.00	520.00	480.00	0.00	2400.00	0.00	0.00	640.00	4600.00
decc1	6192019	60.00	60.00	80.00	0.00	4120.00	0.00	0.00	40.00	4360.00
decc1	6192019	20.00	600.00	120.00	0.00	41600.00	0.00	0.00	8200.00	50540.00
decc1	6192019	6400.00	200.00	200.00	0.00	14600.00	0.00	0.00	600.00	22000.00
decc1	6192019	1200.00	200.00	1000.00	0.00	27400.00	0.00	0.00	0.00	29800.00
decc1	6192019	1000.00	800.00	1000.00	0.00	22200.00	0.00	0.00	200.00	25200.00
decc1	6192019	0.00	100.00	40.00	0.00	4000.00	0.00	0.00	580.00	4720.00
eat14	12518	20.00	0.00	360.00	480.00	2100.00	0.00	0.00	80.00	3040.00
eat14	12518	80.00	0.00	60.00	1300.00	2000.00	0.00	0.00	220.00	3660.00
eat14	12518	200.00	0.00	1000.00	11400.00	18400.00	0.00	0.00	0.00	31000.00
eat14	12518	800.00	0.00	800.00	4800.00	24800.00	0.00	0.00	600.00	31800.00
eat14	12518	0.00	0.00	3800.00	6000.00	23800.00	0.00	0.00	200.00	33800.00
eat14	12518	200.00	0.00	3800.00	3600.00	30000.00	0.00	0.00	40.00	37640.00
eat14	12518	200.00	0.00	2800.00	1400.00	34400.00	200.00	0.00	400.00	39400.00
eat14	12518	200.00	0.00	3000.00	13000.00	25600.00	20.00	0.00	200.00	42020.00
eat14	12518	0.00	0.00	2000.00	800.00	40000.00	0.00	0.00	200.00	43000.00
eat14	12518	800.00	0.00	3400.00	800.00	46600.00	0.00	0.00	200.00	51800.00
eat14	12518	0.00	0.00	4200.00	2000.00	46000.00	0.00	0.00	0.00	52200.00
eat14	12518	800.00	0.00	2000.00	800.00	20000.00	0.00	0.00	42000.00	65600.00
eat14	102018	120.00	40.00	900.00	800.00	2440.00	10.00	0.00	520.00	4830.00
eat14	102018	10.00	40.00	1020.00	0.00	3200.00	16.00	0.00	680.00	4966.00
eat14	102018	80.00	40.00	1540.00	0.00	2860.00	8.00	2.00	740.00	5270.00
eat14	102018	1320.00	100.00	1400.00	540.00	2600.00	20.00	0.00	560.00	6540.00
eat14	102018	80.00	60.00	1340.00	0.00	6000.00	60.00	0.00	700.00	8240.00
eat14	102018	0.00	120.00	3000.00	100.00	6000.00	20.00	0.00	900.00	10140.00
eat14	102018	1060.00	120.00	1800.00	520.00	6100.00	14.00	2.00	880.00	10496.00
eat14	102018	4000.00	0.00	2200.00	500.00	4400.00	320.00	0.00	300.00	11720.00
eat14	102018	400.00	200.00	4000.00	100.00	8000.00	60.00	0.00	460.00	13220.00
eat14	102018	2800.00	280.00	4000.00	80.00	7000.00	0.00	0.00	180.00	14340.00
eat14	102018	20.00	40.00	940.00	80.00	2720.00	0.00	0.00	11520.00	15320.00
eat14	102018	120.00	40.00	320.00	240.00	40000.00	2.00	0.00	460.00	41182.00
eat14	102418	520.00	140.00	1480.00	120.00	700.00	140.00	0.00	1200.00	4300.00
eat14	102418	200.00	100.00	1240.00	100.00	4700.00	0.00	0.00	460.00	6800.00
eat14	102418	320.00	140.00	1920.00	20.00	4000.00	0.00	0.00	900.00	7300.00
eat14	102418	120.00	100.00	1220.00	100.00	5560.00	0.00	20.00	620.00	7740.00
eat14	102418	160.00	100.00	1160.00	40.00	5940.00	0.00	0.00	440.00	7840.00
eat14	102418	60.00	320.00	2200.00	440.00	5000.00	0.00	0.00	600.00	8620.00
eat14	102418	320.00	0.00	1260.00	60.00	6080.00	0.00	2.00	960.00	8682.00
eat14	102418	120.00	80.00	1740.00	340.00	6140.00	2.00	2.00	600.00	9024.00
eat14	102418	240.00	20.00	1020.00	80.00	6600.00	0.00	0.00	1780.00	9740.00
eat14	102418	180.00	0.00	1340.00	100.00	8140.00	60.00	0.00	500.00	10320.00
eat14	102418	220.00	60.00	1660.00	100.00	9040.00	20.00	0.00	640.00	11740.00
eat14	102418	420.00	100.00	1520.00	460.00	13060.00	0.00	0.00	660.00	16220.00
eat14	102918	120.00	20.00	320.00	920.00	1300.00	0.00	0.00	80.00	2760.00
eat14	102918	300.00	0.00	120.00	1540.00	1400.00	0.00	0.00	140.00	3500.00
eat14	102918	180.00	0.00	520.00	1440.00	1660.00	2.00	0.00	60.00	3862.00
eat14	102918	700.00	0.00	480.00	1760.00	1340.00	0.00	0.00	60.00	4340.00
eat14	102918	560.00	0.00	460.00	1360.00	2420.00	0.00	0.00	20.00	4820.00
eat14	102918	20.00	0.00	240.00	10.00	10000.00	0.00	0.00	6.00	10276.00
eat14	102918	460.00	0.00	1400.00	1040.00	14400.00	0.00	0.00	160.00	17460.00
eat14	102918	180.00	0.00	1040.00	1000.00	19000.00	0.00	0.00	300.00	21520.00
eat14	102918	680.00	0.00	1340.00	1040.00	17400.00	0.00	0.00	1100.00	21560.00
eat14	102918	0.00	0.00	620.00	0.00	40000.00	80.00	0.00	20000.00	60700.00
eat14	103118	180.00	0.00	1560.00	920.00	1260.00	0.00	0.00	360.00	4280.00
eat14	103118	240.00	20.00	1420.00	80.00	2560.00	0.00	0.00	560.00	4880.00
eat14	103118	500.00	0.00	1680.00	160.00	2900.00	4.00	0.00	340.00	5584.00
eat14	103118	40.00	6.00	1600.00	1060.00	2160.00	4.00	0.00	740.00	5610.00
eat14	103118	240.00	40.00	1420.00	80.00	3060.00	0.00	0.00	1140.00	5980.00
eat14	103118	180.00	60.00	1320.00	140.00	4000.00	0.00	0.00	520.00	6220.00
eat14	103118	40.00	20.00	1800.00	720.00	3960.00	0.00	0.00	320.00	6860.00
eat14	103118	60.00	20.00	1160.00	540.00	6000.00	0.00	0.00	340.00	8120.00
eat14	103118	100.00	40.00	1160.00	760.00	6000.00	0.00	0.00	500.00	8560.00
eat14	103118	280.00	0.00	3140.00	1400.00	10000.00	0.00	0.00	0.00	14820.00
eat14	103118	1140.00	0.00	3100.00	1060.00	18000.00	0.00	0.00	80.00	23380.00
eat14	111318	0.00	0.00	520.00	0.00	1680.00	0.00	0.00	80.00	2280.00
eat14	111318	40.00	0.00	300.00	40.00	2920.00	0.00	0.00	100.00	3400.00
eat14	111318	20.00	0.00	540.00	0.00	3440.00	0.00	0.00	60.00	4060.00
eat14	111318	400.00	0.00	1600.00	20.00	6800.00	0.00	0.00	200.00	9020.00
eat14	111318	20.00	0.00	800.00	0.00	9200.00	0.00	0.00	120.00	10140.00
eat14	111318	600.00	0.00	1200.00	200.00	12400.00	0.00	0.00	200.00	14600.00
eat14	111318	0.00	0.00	2800.00	60.00	34600.00	0.00	0.00	200.00	37660.00
eat14	111318	1600.00	0.00	3600.00	200.00	33200.00	0.00	0.00	40.00	38640.00
eat14	111318	1200.00	0.00	2200.00	200.00	36400.00	0.00	0.00	400.00	40400.00
eat14	111318	4000.00	0.00	3000.00	40.00	36400.00	0.00	0.00	200.00	43640.00
eat14	111318	4400.00	400.00	3200.00	6200.00	41000.00	0.00	0.00	1800.00	57000.00
eat14	111318	8800.00	0.00	5600.00	600.00	60400.00	0.00	0.00	400.00	75800.00
exp1	10919	360.00	0.00	280.00	60.00	1260.00	20.00	20.00	520.00	2520.00
exp1	10919	220.00	0.00	60.00	0.00	2600.00	0.00	0.00	20.00	2900.00
exp1	10919	240.00	80.00	100.00	0.00	2660.00	10.00	0.00	80.00	3170.00
exp1	10919	120.00	20.00	80.00	4.00	3400.00	0.00	0.00	100.00	3724.00
exp1	10919	360.00	0.00	100.00	0.00	4000.00	0.00	0.00	20.00	4480.00
exp1	10919	860.00	20.00	20.00	20.00	4000.00	0.00	40.00	60.00	5020.00
exp1	10919	600.00	0.00	200.00	0.00	9200.00	0.00	0.00	20.00	10020.00
exp1	10919	240.00	0.00	40.00	80.00	10000.00	0.00	0.00	20.00	10380.00
exp1	10919	2000.00	0.00	20.00	0.00	8600.00	0.00	0.00	200.00	10820.00
exp1	10919	2200.00	0.00	600.00	40.00	16000.00	0.00	0.00	1200.00	20040.00
exp1	10919	1600.00	0.00	600.00	40.00	5200.00	0.00	0.00	56200.00	63640.00
exp1	10919	6400.00	0.00	800.00	0.00	60000.00	0.00	0.00	0.00	67200.00
exp1	11419	260.00	0.00	40.00	0.00	1040.00	0.00	0.00	20.00	1360.00
exp1	11419	440.00	0.00	100.00	14.00	1760.00	0.00	0.00	20.00	2334.00
exp1	11419	1000.00	0.00	0.00	0.00	9800.00	0.00	0.00	80.00	10880.00
exp1	11419	2600.00	600.00	400.00	0.00	10600.00	0.00	0.00	200.00	14400.00
exp1	11419	2400.00	0.00	200.00	80.00	13400.00	0.00	0.00	400.00	16480.00
exp1	11419	4000.00	120.00	400.00	0.00	17400.00	0.00	0.00	100.00	22020.00
exp1	11419	7600.00	400.00	200.00	60.00	17800.00	0.00	0.00	1400.00	27460.00
exp1	11419	5000.00	60.00	600.00	0.00	23600.00	0.00	20.00	400.00	29680.00
exp1	11419	3000.00	0.00	400.00	1000.00	23600.00	0.00	200.00	1800.00	30000.00
exp1	11419	9200.00	0.00	800.00	40.00	27200.00	0.00	0.00	600.00	37840.00
exp1	11419	6600.00	0.00	0.00	0.00	33600.00	0.00	0.00	800.00	41000.00
exp1	11419	6000.00	200.00	200.00	600.00	34600.00	0.00	0.00	3200.00	44800.00
exp1	12319	200.00	0.00	400.00	0.00	22000.00	0.00	0.00	0.00	22600.00
exp1	12319	400.00	0.00	2200.00	0.00	21600.00	0.00	0.00	0.00	24200.00
exp1	12319	8000.00	0.00	2200.00	0.00	20000.00	0.00	0.00	0.00	30200.00
exp1	12319	5000.00	0.00	400.00	0.00	30600.00	0.00	0.00	0.00	36000.00
exp1	12319	1400.00	0.00	2600.00	0.00	26600.00	0.00	200.00	5600.00	36400.00
exp1	12319	200.00	0.00	3000.00	0.00	80000.00	200.00	0.00	20.00	83420.00
exp1	6192019	2200.00	0.00	1200.00	0.00	15600.00	0.00	0.00	200.00	19200.00
exp1	6192019	1620.00	0.00	0.00	0.00	660.00	0.00	0.00	60.00	2340.00
exp1	6192019	260.00	0.00	0.00	0.00	2540.00	0.00	0.00	0.00	2800.00
exp1	6192019	200.00	0.00	1000.00	100.00	8000.00	0.00	0.00	40.00	9340.00
exp1	6192019	10800.00	0.00	0.00	0.00	17600.00	0.00	0.00	600.00	29000.00
exp1	6192019	400.00	20.00	0.00	0.00	6200.00	0.00	0.00	120.00	6740.00
exp1	6192019	40.00	0.00	20.00	0.00	1620.00	0.00	0.00	60.00	1740.00
exp1	6192019	400.00	0.00	40.00	0.00	1680.00	0.00	0.00	0.00	2120.00
exp1	6192019	0.00	0.00	0.00	0.00	7400.00	0.00	0.00	20.00	7420.00
exp1	6192019	400.00	0.00	140.00	0.00	27200.00	0.00	0.00	60.00	27800.00
exp1	6192019	1200.00	0.00	600.00	3000.00	8000.00	0.00	0.00	160.00	12960.00
exp1	6192019	1200.00	200.00	200.00	0.00	12600.00	0.00	0.00	80.00	14280.00
exp1	6192019	20.00	0.00	0.00	0.00	1300.00	0.00	0.00	60.00	1380.00
exp1	6192019	0.00	0.00	0.00	0.00	1660.00	0.00	0.00	40.00	1700.00
exp1	6192019	0.00	0.00	0.00	0.00	1760.00	0.00	1020.00	40.00	2820.00
exp1	6192019	2400.00	0.00	0.00	2000.00	18800.00	0.00	200.00	12000.00	35400.00
exp1	6192019	4800.00	0.00	0.00	0.00	117600.00	0.00	0.00	3400.00	125800.00
exp1	6192019	0.00	0.00	0.00	0.00	2360.00	60.00	1040.00	60.00	3520.00
exp1	6192019	2200.00	200.00	0.00	0.00	9200.00	0.00	0.00	800.00	12400.00
exp1	6192019	60.00	0.00	40.00	0.00	2620.00	0.00	0.00	120.00	2840.00
exp1	6192019	20.00	0.00	20.00	0.00	2020.00	0.00	0.00	60.00	2120.00
exp1	6192019	400.00	0.00	0.00	0.00	8400.00	0.00	0.00	200.00	9000.00
exp1	6192019	8200.00	0.00	0.00	0.00	7600.00	200.00	0.00	1800.00	17800.00
exp1	6192019	3600.00	0.00	0.00	0.00	19000.00	0.00	0.00	600.00	23200.00
exp1	6192019	3400.00	400.00	400.00	0.00	29400.00	0.00	0.00	2000.00	35600.00
exp1	6192019	800.00	600.00	400.00	0.00	15000.00	0.00	0.00	600.00	17400.00
exp1	6192019	400.00	400.00	200.00	0.00	7000.00	0.00	0.00	20.00	8020.00
exp1	6192019	4000.00	400.00	400.00	0.00	54000.00	0.00	0.00	600.00	59400.00
exp1	6192019	1000.00	0.00	800.00	0.00	13400.00	0.00	0.00	600.00	15800.00
exp1	6192019	1200.00	0.00	400.00	0.00	19200.00	0.00	20.00	200.00	21020.00
exp1	6192019	600.00	0.00	0.00	0.00	14000.00	0.00	0.00	20.00	14620.00
exp1	6192019	200.00	0.00	0.00	0.00	3600.00	20.00	0.00	400.00	4220.00
exp1	6192019	800.00	0.00	0.00	0.00	15600.00	0.00	0.00	200.00	16600.00
exp1	6192019	400.00	0.00	1000.00	0.00	20600.00	0.00	0.00	2000.00	24000.00
exp1	6192019	800.00	0.00	1800.00	0.00	14600.00	600.00	0.00	17600.00	35400.00
exp1	6192019	1800.00	0.00	0.00	0.00	14000.00	0.00	0.00	800.00	16600.00
exp1	6212019	2600	200	1400	1000	4800	0	0	600	10600
exp1	6212019	8400	400	800	10000	4200	20	0	60	23880
exp1	6212019	3600	600	200	1400	5200	0	0	200	11200
exp1	6212019	400	20	140	0	1200	0	0	40	1800
exp1	6212019	8000	200	1000	1000	6000	20	0	1200	17420
exp1	6212019	20	20	20	1400	420	0	0	4	1884
exp1	6212019	11000	1000	1000	2400	8400	0	0	400	24200
exp1	6212019	60	20	20	120	340	0	0	2	562
exp1	6212019	9400	200	600	6000	7000	0	0	800	24000
exp1	6212019	5000	0	160	0	5600	0	0	60	10820
exp1	6212019	400	120	200	0	4800	0	0	60	5580
exp1	6212019	7400	1000	2000	1800	6200	0	0	800	19200
exp1	6212019	3200	400	400	800	4800	0	0	200	9800
exp1	6212019	700	40	100	0	720	0	0	60	1620
exp1	6212019	2800	200	0	3000	5400	0	0	60	11460
exp1	6212019	2800	200	400	0	5200	0	0	400	9000
exp1	6212019	460	20	0	0	1080	0	0	20	1580
exp1	6212019	160	20	80	200	700	20	0	0	1180
exp1	6212019	240	20	120	0	600	0	0	20	1000
exp1	6212019	160	20	140	600	500	0	0	20	1440
exp1	6212019	11000	200	2000	14000	6000	0	0	200	33400
exp1	6212019	140	0	60	1200	440	2	0	60	1902
exp1	6212019	8400	600	400	1600	7400	200	0	200	18800
exp1	6212019	6200	400	600	3000	7800	0	0	600	18600
exp1	6212019	320	20	140	0	520	0	0	20	1020
exp1	6212019	6800	200	800	2000	8400	0	0	0	18200
exp1	6212019	10400	1200	1600	1400	9600	0	0	1000	25200
exp1	6212019	2600	200	400	6000	5600	200	0	1000	16000
exp1	6212019	520	0	140	20	700	10	0	40	1430
exp1	6212019	260	20	80	200	680	0	0	0	1240
exp1	6212019	700	40	80	800	900	0	0	20	2540
exp1	6212019	640	0	100	600	680	0	0	20	2040
exp1	6212019	1600	200	600	8000	4600	0	0	200	15200
exp1	6212019	5400	0	400	1000	6200	0	0	60	13060
exp1	6212019	1200	200	200	400	3400	0	0	400	5800
glp1	9182019	1200.00	0.00	1000.00	5000.00	12200.00	0.00	0.00	600.00	20000.00
glp1	9182019	2400.00	400.00	1200.00	2000.00	24000.00	0.00	0.00	2200.00	32200.00
glp1	9182019	600.00	2200.00	1600.00	1000.00	18600.00	200.00	0.00	400.00	24600.00
glp1	9182019	800.00	0.00	1800.00	6000.00	5600.00	0.00	0.00	200.00	14400.00
glp1	9182019	1200.00	2200.00	2600.00	400.00	15400.00	20.00	0.00	600.00	22420.00
glp1	9182019	4800.00	0.00	2000.00	400.00	16200.00	0.00	0.00	600.00	24000.00
glp1	9182019	280.00	0.00	160.00	0.00	320.00	0.00	0.00	480.00	1240.00
glp1	9182019	8200.00	200.00	3400.00	4600.00	24000.00	200.00	0.00	800.00	41400.00
glp1	9182019	1600.00	200.00	400.00	0.00	6800.00	0.00	0.00	600.00	9600.00
glp1	9182019	1200.00	3600.00	2200.00	1000.00	18800.00	0.00	0.00	200.00	27000.00
glp1	9182019	460.00	100.00	540.00	0.00	1880.00	0.00	0.00	240.00	3220.00
glp1	9182019	140.00	0.00	240.00	200.00	600.00	0.00	0.00	100.00	1280.00
glp1	9182019	120.00	20.00	240.00	200.00	40.00	0.00	0.00	60.00	680.00
glp1	9182019	220.00	80.00	180.00	200.00	720.00	0.00	0.00	100.00	1500.00
glp1	9182019	200.00	400.00	800.00	180.00	9600.00	20.00	0.00	200.00	11400.00
glp1	9182019	3400.00	600.00	3200.00	2000.00	20000.00	0.00	0.00	200.00	29400.00
glp1	9182019	15600.00	1400.00	5200.00	600.00	18800.00	400.00	0.00	1000.00	43000.00
glp1	9182019	1000.00	1000.00	2000.00	1000.00	14000.00	0.00	0.00	600.00	19600.00
glp1	9182019	180.00	20.00	40.00	100.00	220.00	0.00	0.00	40.00	600.00
glp1	9182019	800.00	3600.00	2600.00	1000.00	16000.00	0.00	0.00	400.00	24400.00
glp1	9182019	260.00	380.00	260.00	100.00	1200.00	0.00	0.00	220.00	2420.00
glp1	9182019	4600.00	1600.00	4400.00	600.00	25200.00	0.00	0.00	2200.00	38600.00
glp1	9182019	1400.00	800.00	2400.00	400.00	10600.00	20.00	0.00	1800.00	17420.00
glp1	9182019	100.00	500.00	620.00	60.00	2680.00	20.00	0.00	60.00	4040.00
glp4	8142019	80.00	0.00	340.00	1000.00	2260.00	0.00	60.00	80.00	3820.00
glp4	8142019	1740.00	20.00	920.00	560.00	5620.00	780.00	340.00	1340.00	11320.00
glp4	8142019	0.00	0.00	820.00	1500.00	2660.00	0.00	0.00	120.00	5100.00
glp4	8142019	440.00	40.00	840.00	860.00	4860.00	0.00	0.00	240.00	7280.00
glp4	8142019	160.00	0.00	400.00	1000.00	4000.00	0.00	0.00	200.00	5760.00
glp4	8142019	1800.00	0.00	820.00	680.00	6360.00	0.00	0.00	320.00	9980.00
glp4	8142019	40.00	0.00	760.00	3000.00	4600.00	0.00	0.00	140.00	8540.00
glp4	8142019	0.00	40.00	1640.00	1540.00	3660.00	0.00	0.00	20.00	6900.00
glp4	8142019	880.00	0.00	780.00	1080.00	1300.00	0.00	0.00	20.00	4060.00
glp4	8142019	2020.00	20.00	1880.00	700.00	2440.00	0.00	0.00	20.00	7080.00
glp4	8142019	600.00	20.00	740.00	860.00	2800.00	0.00	0.00	40.00	5060.00
glp4	8142019	720.00	0.00	1120.00	1420.00	2780.00	0.00	0.00	120.00	6160.00
glp4	8142019	180.00	40.00	1160.00	1620.00	5140.00	0.00	20.00	140.00	8300.00
glp4	8142019	500.00	80.00	880.00	20.00	5620.00	0.00	0.00	60.00	7160.00
glp4	8142019	500.00	0.00	1280.00	2600.00	3100.00	0.00	0.00	20.00	7500.00
glp4	8142019	140.00	220.00	960.00	840.00	1100.00	20.00	0.00	20.00	3300.00
glp4	8142019	720.00	0.00	1440.00	900.00	2600.00	0.00	0.00	100.00	5760.00
glp4	8142019	2300.00	0.00	1400.00	1460.00	4820.00	140.00	20.00	960.00	11100.00
glp4	8142019	1060.00	40.00	1460.00	480.00	6440.00	0.00	20.00	120.00	9620.00
glp4	8142019	420.00	140.00	1220.00	0.00	5940.00	0.00	0.00	140.00	7860.00
glp4	8142019	1040.00	40.00	1140.00	300.00	6060.00	4.00	60.00	140.00	8784.00
glp4	8142019	380.00	80.00	1300.00	1100.00	2360.00	0.00	20.00	60.00	5300.00
glp4	8142019	60.00	60.00	900.00	400.00	1440.00	0.00	0.00	40.00	2900.00
glp4	8142019	660.00	40.00	640.00	1880.00	1220.00	0.00	0.00	0.00	4440.00
glp4	8142019	460.00	40.00	820.00	460.00	5440.00	0.00	0.00	0.00	7220.00
glp4	8142019	80.00	60.00	1300.00	1200.00	2300.00	0.00	0.00	20.00	4960.00
glp4	8142019	260.00	0.00	720.00	2000.00	2660.00	0.00	0.00	60.00	5700.00
glp4	8142019	1200.00	20.00	800.00	700.00	6760.00	0.00	0.00	620.00	10100.00
glp4	8142019	660.00	0.00	960.00	1060.00	4140.00	0.00	0.00	60.00	6880.00
glp4	8142019	1080.00	20.00	1900.00	540.00	7620.00	0.00	20.00	120.00	11300.00
glp4	8142019	380.00	20.00	920.00	900.00	2280.00	0.00	0.00	60.00	4560.00
glp4	8142019	340.00	0.00	1540.00	40.00	4760.00	0.00	0.00	500.00	7180.00
glp4	8142019	160.00	0.00	800.00	1400.00	4100.00	0.00	0.00	0.00	6460.00
glp4	8142019	800.00	60.00	1140.00	1560.00	980.00	0.00	0.00	120.00	4660.00
glp4	8142019	20.00	20.00	540.00	2800.00	1160.00	0.00	0.00	0.00	4540.00
glp4	8142019	260.00	40.00	820.00	2640.00	1440.00	0.00	0.00	0.00	5200.00
hsf1	5102019	8600.00	200.00	0.00	0.00	140000.00	0.00	0.00	800.00	149600.00
hsf1	5102019	8000.00	200.00	400.00	0.00	21000.00	600.00	0.00	400.00	30600.00
hsf1	5102019	0.00	0.00	200.00	0.00	18600.00	0.00	0.00	1600.00	20400.00
hsf1	5102019	60000.00	600.00	400.00	0.00	40000.00	20.00	0.00	6400.00	107420.00
hsf1	5102019	14400.00	400.00	0.00	0.00	40000.00	200.00	0.00	800.00	55800.00
hsf1	5102019	6200.00	0.00	600.00	0.00	22800.00	400.00	0.00	1200.00	31200.00
hsf1	5102019	1200.00	0.00	200.00	0.00	6000.00	60.00	0.00	1200.00	8660.00
hsf1	5102019	600.00	0.00	400.00	0.00	12200.00	0.00	1000.00	18800.00	33000.00
hsf1	5102019	21000.00	200.00	0.00	0.00	60000.00	0.00	0.00	3000.00	84200.00
hsf1	5102019	5800.00	200.00	200.00	0.00	30000.00	200.00	0.00	7600.00	44000.00
hsf1	5102019	7600.00	0.00	200.00	0.00	30400.00	400.00	0.00	4400.00	43000.00
hsf1	5102019	8000.00	200.00	400.00	0.00	18400.00	400.00	0.00	1800.00	29200.00
hsf1	5102019	1400.00	0.00	800.00	0.00	13600.00	20.00	0.00	600.00	16420.00
hsf1	5102019	5000.00	200.00	0.00	100.00	16200.00	20.00	0.00	2200.00	23720.00
hsf1	5102019	1000.00	0.00	400.00	0.00	8400.00	20.00	0.00	400.00	10220.00
hsf1	5102019	6000.00	0.00	800.00	0.00	10000.00	20.00	0.00	1200.00	18020.00
hsf1	5102019	40000.00	0.00	3400.00	0.00	100000.00	0.00	0.00	600.00	144000.00
hsf1	5102019	5800.00	0.00	400.00	0.00	46000.00	40.00	0.00	600.00	52840.00
hsf1	5102019	400.00	0.00	400.00	0.00	7200.00	20.00	0.00	400.00	8420.00
hsf1	5102019	60000.00	0.00	0.00	0.00	20000.00	0.00	0.00	1800.00	81800.00
hsf1	5102019	40000.00	400.00	800.00	0.00	100000.00	0.00	0.00	9000.00	150200.00
hsf1	5102019	10200.00	200.00	200.00	0.00	30000.00	200.00	0.00	5000.00	45800.00
hsf1	5102019	13000.00	0.00	0.00	0.00	40000.00	20.00	0.00	2400.00	55420.00
hsf1	5102019	12200.00	200.00	400.00	0.00	50000.00	20.00	20.00	1200.00	64040.00
hsf1	5102019	2000.00	0.00	0.00	1000.00	80000.00	140.00	0.00	7400.00	90540.00
hsf1	5102019	400.00	0.00	1000.00	0.00	25000.00	0.00	0.00	600.00	27000.00
hsf1	5102019	400.00	0.00	1400.00	0.00	8800.00	200.00	0.00	1600.00	12400.00
hsf1	5102019	200.00	0.00	1000.00	0.00	100000.00	400.00	0.00	12000.00	113600.00
hsf1	5102019	100.00	0.00	400.00	0.00	60000.00	800.00	0.00	10200.00	71500.00
hsf1	5102019	200.00	0.00	400.00	0.00	15400.00	200.00	0.00	2200.00	18400.00
hsf1	5102019	200.00	0.00	400.00	0.00	43400.00	0.00	0.00	6800.00	50800.00
hsf1	5102019	2800.00	0.00	1800.00	0.00	12800.00	200.00	0.00	1800.00	19400.00
hsf1	5102019	1600.00	0.00	400.00	0.00	14800.00	0.00	0.00	2400.00	19200.00
hsf1	5102019	200.00	0.00	200.00	0.00	17600.00	40.00	0.00	3800.00	21840.00
hsf1	5102019	1200.00	0.00	200.00	0.00	21000.00	200.00	0.00	6000.00	28600.00
hsf1	5102019	600.00	0.00	0.00	0.00	16000.00	400.00	0.00	2600.00	19600.00
hsf1	5102019	0.00	0.00	6800.00	0.00	23400.00	0.00	0.00	2600.00	32800.00
hsf1	5102019	200.00	0.00	800.00	0.00	100000.00	0.00	0.00	4400.00	105400.00
hsf1	5102019	0.00	0.00	800.00	0.00	60000.00	0.00	0.00	1400.00	62200.00
hsf1	5102019	0.00	0.00	7000.00	0.00	20000.00	0.00	0.00	17200.00	44200.00
hsf1	5102019	0.00	0.00	4400.00	0.00	40000.00	0.00	0.00	2200.00	46600.00
hsf1	5102019	600.00	0.00	600.00	0.00	56000.00	1600.00	0.00	7800.00	66600.00
hsf1	5102019	0.00	0.00	1600.00	0.00	7600.00	0.00	0.00	200.00	9400.00
hsf1	5102019	0.00	0.00	1400.00	0.00	24000.00	140.00	0.00	60000.00	85540.00
hsf1	5102019	20.00	0.00	800.00	0.00	50000.00	0.00	0.00	7800.00	58620.00
hsf1	5102019	3000.00	0.00	1200.00	0.00	5600.00	0.00	0.00	25400.00	35200.00
hsf1	5102019	1400.00	0.00	800.00	0.00	60000.00	0.00	0.00	11600.00	73800.00
hsf1	5102019	200.00	0.00	1600.00	0.00	21800.00	0.00	0.00	3600.00	27200.00
N2	10919	60.00	100.00	480.00	340.00	3840.00	0.00	0.00	0.00	4820.00
N2	10919	1400.00	400.00	800.00	80.00	6200.00	0.00	0.00	200.00	9080.00
N2	10919	1000.00	400.00	1000.00	300.00	6200.00	0.00	0.00	200.00	9100.00
N2	10919	1640.00	20.00	660.00	1040.00	7000.00	0.00	60.00	20.00	10440.00
N2	10919	1000.00	400.00	1200.00	0.00	8400.00	0.00	0.00	20.00	11020.00
N2	10919	400.00	200.00	2400.00	100.00	8800.00	20.00	100.00	100.00	12120.00
N2	10919	200.00	200.00	1000.00	200.00	11600.00	0.00	80.00	200.00	13480.00
N2	10919	2200.00	400.00	1000.00	100.00	10000.00	0.00	200.00	0.00	13900.00
N2	10919	4600.00	800.00	3600.00	400.00	16400.00	0.00	0.00	0.00	25800.00
N2	10919	5800.00	400.00	2200.00	140.00	23000.00	0.00	0.00	0.00	31540.00
N2	10919	800.00	0.00	1000.00	200.00	30600.00	0.00	60.00	80.00	32740.00
N2	21319	40.00	0.00	0.00	600.00	1680.00	0.00	0.00	20.00	2340.00
N2	21319	620.00	0.00	0.00	680.00	4000.00	20.00	0.00	140.00	5460.00
N2	21319	2000.00	0.00	400.00	400.00	11600.00	0.00	20.00	600.00	15020.00
N2	21319	100.00	0.00	200.00	1800.00	14600.00	0.00	0.00	20.00	16720.00
N2	21319	400.00	0.00	400.00	600.00	17400.00	20.00	0.00	200.00	19020.00
N2	21319	800.00	0.00	200.00	6000.00	12200.00	20.00	0.00	0.00	19220.00
N2	21319	60.00	0.00	60.00	400.00	13600.00	0.00	0.00	8200.00	22320.00
N2	21319	2800.00	0.00	0.00	600.00	22000.00	200.00	0.00	800.00	26400.00
N2	21319	600.00	400.00	200.00	400.00	26000.00	0.00	0.00	400.00	28000.00
N2	21319	600.00	0.00	200.00	1200.00	27000.00	0.00	0.00	0.00	29000.00
N2	21319	2400.00	0.00	200.00	3200.00	22000.00	0.00	0.00	1200.00	29000.00
N2	21319	5200.00	0.00	0.00	2000.00	25000.00	0.00	0.00	0.00	32200.00
N2	21319	9200.00	0.00	60.00	400.00	22600.00	20.00	0.00	0.00	32280.00
N2	21319	1600.00	0.00	200.00	5400.00	30000.00	20.00	0.00	60.00	37280.00
N2	21319	0.00	0.00	200.00	9000.00	29000.00	0.00	0.00	0.00	38200.00
N2	21319	1000.00	0.00	0.00	16000.00	24000.00	0.00	0.00	0.00	41000.00
N2	21319	2200.00	0.00	400.00	14000.00	30000.00	0.00	0.00	0.00	46600.00
N2	21319	1600.00	0.00	400.00	2400.00	43000.00	0.00	0.00	200.00	47600.00
N2	21319	3600.00	0.00	200.00	5200.00	40000.00	0.00	0.00	0.00	49000.00
N2	21319	7600.00	200.00	600.00	800.00	40000.00	0.00	0.00	1200.00	50400.00
N2	21319	8200.00	0.00	400.00	2200.00	42000.00	200.00	0.00	800.00	53800.00
N2	21319	0.00	0.00	6400.00	400.00	46000.00	0.00	0.00	4000.00	56800.00
N2	21319	9200.00	0.00	0.00	6600.00	40000.00	200.00	0.00	1000.00	57000.00
N2	21319	1000.00	0.00	400.00	400.00	60000.00	0.00	0.00	1200.00	63000.00
N2	22519	0.00	0.00	400.00	6000.00	13400.00	0.00	0.00	0.00	19800.00
N2	22519	0.00	0.00	0.00	0.00	10400.00	0.00	0.00	0.00	10400.00
N2	22519	400.00	0.00	1200.00	0.00	40000.00	0.00	0.00	200.00	41800.00
N2	22519	200.00	0.00	200.00	600.00	5400.00	20.00	0.00	0.00	6420.00
N2	22519	600.00	400.00	200.00	800.00	7200.00	0.00	0.00	0.00	9200.00
N2	22519	0.00	20.00	120.00	800.00	1100.00	0.00	0.00	0.00	2040.00
N2	22519	0.00	600.00	20.00	7600.00	8600.00	0.00	0.00	0.00	16820.00
N2	22519	0.00	80.00	420.00	600.00	2840.00	0.00	0.00	0.00	3940.00
N2	22519	0.00	200.00	400.00	800.00	5000.00	0.00	0.00	0.00	6400.00
N2	22519	0.00	80.00	120.00	640.00	4000.00	0.00	0.00	0.00	4840.00
N2	22519	0.00	200.00	600.00	1200.00	13200.00	0.00	0.00	0.00	15200.00
N2	22519	200.00	200.00	80.00	6000.00	5600.00	0.00	0.00	0.00	12080.00
N2	22519	0.00	40.00	100.00	0.00	1540.00	0.00	0.00	0.00	1680.00
N2	22519	400.00	0.00	600.00	1000.00	15000.00	0.00	0.00	0.00	17000.00
N2	22519	200.00	400.00	800.00	400.00	10600.00	0.00	0.00	0.00	12400.00
N2	22519	0.00	200.00	200.00	2000.00	12400.00	0.00	0.00	0.00	14800.00
N2	22519	0.00	0.00	400.00	1200.00	5000.00	0.00	0.00	0.00	6600.00
N2	22519	0.00	400.00	40.00	1800.00	6400.00	0.00	0.00	0.00	8640.00
N2	40319	140.00	0.00	420.00	500.00	2580.00	40.00	0.00	120.00	3800.00
N2	40319	20.00	0.00	360.00	0.00	4000.00	0.00	0.00	20.00	4400.00
N2	40319	20.00	0.00	600.00	0.00	4000.00	0.00	0.00	40.00	4660.00
N2	40319	400.00	0.00	2400.00	0.00	3600.00	0.00	0.00	80.00	6480.00
N2	40319	0.00	0.00	200.00	100.00	11200.00	0.00	0.00	0.00	11500.00
N2	40319	400.00	200.00	0.00	0.00	12400.00	0.00	0.00	0.00	13000.00
N2	40319	1400.00	0.00	4200.00	0.00	13200.00	20.00	0.00	200.00	19020.00
N2	40319	400.00	0.00	200.00	0.00	20000.00	0.00	0.00	6000.00	26600.00
N2	40319	5200.00	1800.00	5000.00	18000.00	10000.00	200.00	0.00	5800.00	46000.00
N2	40319	8000.00	0.00	8200.00	1000.00	46000.00	0.00	0.00	0.00	63200.00
N2	102018	400.00	60.00	120.00	20.00	1160.00	6.00	0.00	220.00	1986.00
N2	102018	620.00	80.00	180.00	20.00	1040.00	2.00	0.00	160.00	2102.00
N2	102018	180.00	60.00	300.00	300.00	860.00	0.00	2.00	660.00	2362.00
N2	102018	420.00	60.00	440.00	0.00	1160.00	4.00	2.00	300.00	2386.00
N2	102018	340.00	60.00	540.00	60.00	1100.00	2.00	2.00	460.00	2564.00
N2	102018	380.00	40.00	260.00	0.00	1740.00	460.00	0.00	60.00	2940.00
N2	102018	800.00	100.00	280.00	680.00	2600.00	2.00	0.00	200.00	4662.00
N2	102018	1000.00	80.00	680.00	1260.00	400.00	0.00	0.00	2000.00	5420.00
N2	102018	1480.00	380.00	320.00	160.00	3000.00	0.00	0.00	160.00	5500.00
N2	102018	820.00	140.00	180.00	200.00	4000.00	2.00	0.00	420.00	5762.00
N2	102018	6000.00	280.00	580.00	500.00	8000.00	10.00	0.00	200.00	15570.00
N2	102418	60.00	0.00	960.00	720.00	6000.00	60.00	0.00	2000.00	9800.00
N2	102418	60.00	20.00	700.00	640.00	8000.00	40.00	0.00	4000.00	13460.00
N2	102418	180.00	0.00	940.00	60.00	10000.00	20.00	0.00	4000.00	15200.00
N2	102418	200.00	0.00	860.00	100.00	10000.00	40.00	0.00	6000.00	17200.00
N2	102418	240.00	40.00	820.00	480.00	12000.00	20.00	0.00	4000.00	17600.00
N2	102418	100.00	0.00	820.00	140.00	14000.00	60.00	0.00	6000.00	21120.00
N2	102418	340.00	20.00	1020.00	440.00	10000.00	100.00	0.00	10000.00	21920.00
N2	102418	60.00	60.00	760.00	1160.00	12000.00	20.00	0.00	8000.00	22060.00
N2	102418	1080.00	20.00	1860.00	120.00	20000.00	60.00	0.00	2000.00	25140.00
N2	102418	380.00	40.00	900.00	660.00	16000.00	40.00	0.00	10000.00	28020.00
N2	102418	16000.00	0.00	1500.00	740.00	8000.00	20.00	0.00	3000.00	29260.00
N2	103118	100.00	60.00	1900.00	40.00	6000.00	0.00	0.00	200.00	8300.00
N2	103118	20.00	0.00	1100.00	460.00	8000.00	0.00	0.00	60.00	9640.00
N2	103118	0.00	0.00	1320.00	20.00	9000.00	0.00	0.00	480.00	10820.00
N2	103118	40.00	4.00	1460.00	40.00	9400.00	2.00	0.00	220.00	11166.00
N2	103118	20.00	0.00	1220.00	20.00	10000.00	2.00	0.00	200.00	11462.00
N2	103118	140.00	0.00	1620.00	60.00	10000.00	0.00	0.00	580.00	12400.00
N2	103118	20.00	0.00	1700.00	20.00	11700.00	0.00	0.00	320.00	13760.00
N2	103118	20.00	0.00	1040.00	200.00	14000.00	2.00	0.00	480.00	15742.00
N2	103118	100.00	20.00	1540.00	140.00	13000.00	0.00	0.00	1060.00	15860.00
N2	103118	220.00	40.00	1100.00	300.00	16000.00	0.00	0.00	560.00	18220.00
N2	103118	1200.00	40.00	1880.00	100.00	30000.00	0.00	0.00	520.00	33740.00
N2	111318	80.00	20.00	640.00	400.00	2160.00	0.00	0.00	20.00	3320.00
N2	111318	140.00	20.00	660.00	10.00	2600.00	0.00	0.00	40.00	3470.00
N2	111318	300.00	40.00	760.00	100.00	2300.00	0.00	0.00	60.00	3560.00
N2	111318	80.00	80.00	840.00	420.00	2400.00	0.00	0.00	40.00	3860.00
N2	111318	60.00	20.00	500.00	960.00	2500.00	0.00	0.00	8.00	4048.00
N2	111318	420.00	100.00	860.00	300.00	2680.00	0.00	0.00	40.00	4400.00
N2	111318	140.00	40.00	860.00	80.00	3240.00	0.00	0.00	40.00	4400.00
N2	111318	780.00	140.00	640.00	100.00	3000.00	0.00	0.00	20.00	4680.00
N2	111318	240.00	60.00	660.00	60.00	3680.00	0.00	0.00	60.00	4760.00
N2	111318	1020.00	0.00	720.00	500.00	3620.00	0.00	0.00	0.00	5860.00
N2	111318	1400.00	60.00	1360.00	340.00	3760.00	0.00	0.00	20.00	6940.00
N2	111318	120.00	40.00	720.00	60.00	6040.00	0.00	0.00	60.00	7040.00
N2	121018	1040.00	20.00	140.00	120.00	1860.00	0.00	0.00	2.00	3182.00
N2	121018	800.00	60.00	100.00	1100.00	1780.00	0.00	0.00	0.00	3840.00
N2	121018	1140.00	260.00	100.00	700.00	4000.00	0.00	0.00	0.00	6200.00
N2	121018	1800.00	200.00	400.00	600.00	4200.00	0.00	0.00	20.00	7220.00
N2	121018	3200.00	200.00	1000.00	800.00	7600.00	0.00	0.00	200.00	13000.00
N2	121018	2000.00	200.00	200.00	160.00	12800.00	0.00	0.00	400.00	15760.00
N2	121018	4000.00	400.00	1400.00	400.00	12200.00	0.00	0.00	400.00	18800.00
N2	121018	4600.00	0.00	800.00	1200.00	12800.00	0.00	0.00	0.00	19400.00
N2	121018	1000.00	200.00	400.00	600.00	26200.00	0.00	0.00	1000.00	29400.00
N2	121018	5600.00	200.00	1000.00	800.00	40000.00	0.00	0.00	0.00	47600.00
N2	121018	10000.00	200.00	3000.00	600.00	40000.00	0.00	0.00	600.00	54400.00
N2	121018	4600.00	200.00	800.00	600.00	60000.00	0.00	0.00	1000.00	67200.00
N2	6212019	200.00	20.00	0.00	12000.00	1600.00	20.00	0.00	200.00	14040.00
N2	6212019	1200.00	0.00	400.00	6000.00	2600.00	0.00	0.00	60.00	10260.00
N2	6212019	260.00	40.00	180.00	800.00	1260.00	0.00	0.00	0.00	2540.00
N2	6212019	4800.00	200.00	800.00	7600.00	4600.00	0.00	0.00	0.00	18000.00
N2	6212019	4400.00	200.00	400.00	6000.00	1800.00	40.00	0.00	0.00	12840.00
N2	6212019	80.00	20.00	0.00	1100.00	1420.00	0.00	0.00	0.00	2620.00
N2	6212019	140.00	80.00	100.00	600.00	1480.00	0.00	0.00	0.00	2400.00
N2	6212019	1000.00	200.00	400.00	1400.00	3600.00	0.00	0.00	20.00	6620.00
N2	6212019	2200.00	200.00	400.00	0.00	8200.00	0.00	0.00	200.00	11200.00
N2	6212019	7600.00	200.00	400.00	13600.00	4600.00	0.00	0.00	600.00	27000.00
N2	6212019	2400.00	200.00	200.00	3000.00	7000.00	0.00	0.00	200.00	13000.00
N2	6212019	380.00	60.00	80.00	740.00	700.00	0.00	0.00	0.00	1960.00
N2	6212019	20.00	40.00	80.00	840.00	780.00	0.00	0.00	0.00	1760.00
N2	6212019	260.00	80.00	80.00	880.00	760.00	0.00	0.00	0.00	2060.00
N2	6212019	360.00	80.00	120.00	0.00	4100.00	0.00	0.00	180.00	4840.00
N2	6212019	640.00	40.00	60.00	900.00	780.00	0.00	0.00	80.00	2500.00
N2	6212019	80.00	0.00	60.00	0.00	2400.00	0.00	0.00	80.00	2620.00
N2	6212019	2400.00	400.00	0.00	2000.00	9000.00	0.00	0.00	200.00	14000.00
N2	6212019	260.00	20.00	40.00	1000.00	820.00	0.00	0.00	0.00	2140.00
N2	6212019	1800.00	200.00	200.00	10000.00	6800.00	0.00	0.00	40.00	19040.00
N2	6212019	120.00	20.00	0.00	1100.00	1060.00	20.00	0.00	60.00	2380.00
N2	6262019	1000.00	0.00	600.00	1400.00	22000.00	400.00	0.00	0.00	25400.00
N2	6262019	9400.00	0.00	0.00	800.00	50400.00	1000.00	0.00	2400.00	64000.00
N2	6262019	600.00	200.00	600.00	3000.00	6600.00	160.00	0.00	200.00	11360.00
N2	6262019	600.00	0.00	0.00	4000.00	8200.00	200.00	0.00	400.00	13400.00
N2	6262019	5600.00	0.00	200.00	200.00	12800.00	0.00	0.00	1400.00	20200.00
N2	6262019	2600.00	0.00	0.00	6000.00	9200.00	80.00	0.00	1200.00	19080.00
N2	6262019	2000.00	2800.00	200.00	1000.00	8400.00	0.00	0.00	200.00	14600.00
N2	6262019	40.00	400.00	40.00	0.00	8800.00	0.00	0.00	200.00	9480.00
N2	6262019	3800.00	0.00	3800.00	2000.00	1400.00	0.00	0.00	0.00	11000.00
N2	6262019	0.00	20.00	200.00	400.00	28200.00	0.00	0.00	12600.00	41420.00
N2	6262019	3000.00	1200.00	200.00	4000.00	8200.00	1000.00	0.00	400.00	18000.00
N2	6262019	20.00	400.00	400.00	600.00	13400.00	0.00	0.00	0.00	14820.00
N2	6262019	1200.00	400.00	140.00	600.00	7600.00	40.00	0.00	1200.00	11180.00
N2	6262019	9400.00	4000.00	2000.00	6000.00	13000.00	1200.00	0.00	3200.00	38800.00
N2	6262019	1000.00	1200.00	200.00	400.00	7200.00	0.00	0.00	40.00	10040.00
N2	6262019	200.00	2000.00	1200.00	4000.00	8200.00	400.00	0.00	800.00	16800.00
N2	6262019	6800.00	3200.00	2600.00	5000.00	11200.00	400.00	0.00	600.00	29800.00
N2	6262019	800.00	0.00	800.00	600.00	19600.00	0.00	0.00	2200.00	24000.00
N2	6262019	3400.00	200.00	1000.00	1200.00	13600.00	40.00	0.00	400.00	19840.00
N2	6262019	1600.00	400.00	400.00	800.00	20000.00	0.00	0.00	200.00	23400.00
N2	6262019	80.00	420.00	160.00	100.00	1760.00	20.00	0.00	80.00	2620.00
N2	6262019	200.00	1600.00	600.00	800.00	3600.00	60.00	0.00	2200.00	9060.00
N2	6262019	400.00	1200.00	400.00	600.00	5600.00	0.00	0.00	0.00	8200.00
phm2	12319	200.00	0.00	400.00	0.00	22000.00	0.00	0.00	0.00	22600.00
phm2	12319	400.00	0.00	2200.00	0.00	21600.00	0.00	0.00	0.00	24200.00
phm2	12319	8000.00	0.00	2200.00	0.00	20000.00	0.00	0.00	0.00	30200.00
phm2	12319	5000.00	0.00	400.00	0.00	30600.00	0.00	0.00	0.00	36000.00
phm2	12319	1400.00	0.00	2600.00	0.00	26600.00	0.00	200.00	5600.00	36400.00
phm2	12319	200.00	0.00	3000.00	0.00	80000.00	200.00	0.00	20.00	83420.00
phm2	12518	200.00	0.00	1800.00	800.00	14000.00	0.00	0.00	600.00	17400.00
phm2	12518	200.00	0.00	3000.00	800.00	15400.00	0.00	0.00	1400.00	20800.00
phm2	12518	1800.00	0.00	3600.00	60.00	18000.00	0.00	0.00	2600.00	26060.00
phm2	12518	1200.00	0.00	2400.00	400.00	22600.00	0.00	0.00	3000.00	29600.00
phm2	12518	2800.00	0.00	3400.00	600.00	21800.00	0.00	0.00	1400.00	30000.00
phm2	12518	200.00	0.00	3600.00	10000.00	16800.00	0.00	0.00	600.00	31200.00
phm2	12518	2800.00	0.00	3000.00	800.00	24000.00	0.00	0.00	800.00	31400.00
phm2	12518	3000.00	0.00	2200.00	600.00	30000.00	0.00	0.00	800.00	36600.00
phm2	12518	1000.00	0.00	4800.00	3000.00	27600.00	0.00	0.00	1400.00	37800.00
phm2	12518	1600.00	0.00	3000.00	400.00	42000.00	0.00	0.00	1600.00	48600.00
phm2	12518	400.00	0.00	6600.00	5600.00	40200.00	0.00	0.00	800.00	53600.00
phm2	12518	4800.00	0.00	6200.00	1800.00	40000.00	0.00	0.00	2000.00	54800.00
phm2	111318	1200.00	0.00	4000.00	200.00	25000.00	0.00	0.00	1800.00	32200.00
phm2	111318	2000.00	0.00	1400.00	20.00	28000.00	0.00	0.00	2000.00	33420.00
phm2	111318	2800.00	0.00	2600.00	200.00	28200.00	0.00	0.00	200.00	34000.00
phm2	111318	4600.00	200.00	800.00	0.00	28800.00	0.00	0.00	400.00	34800.00
phm2	111318	4800.00	0.00	2600.00	20.00	28200.00	0.00	0.00	1200.00	36820.00
phm2	111318	3400.00	0.00	5800.00	40.00	28000.00	0.00	0.00	800.00	38040.00
phm2	111318	4000.00	200.00	2800.00	0.00	31000.00	20.00	0.00	1000.00	39020.00
phm2	111318	2800.00	20.00	600.00	400.00	36000.00	0.00	0.00	200.00	40020.00
phm2	111318	3200.00	400.00	2000.00	80.00	34000.00	0.00	0.00	600.00	40280.00
phm2	111318	3000.00	0.00	3800.00	40.00	36800.00	0.00	0.00	400.00	44040.00
phm2	111318	2800.00	600.00	4000.00	40.00	35400.00	0.00	0.00	1600.00	44440.00
phm2	111318	12200.00	800.00	1400.00	20.00	28400.00	0.00	0.00	2600.00	45420.00
phm2	121018	200.00	0.00	760.00	20.00	4300.00	2.00	0.00	180.00	5462.00
phm2	121018	1600.00	0.00	8400.00	0.00	17400.00	0.00	0.00	20.00	27420.00
phm2	121018	1600.00	0.00	9400.00	400.00	24800.00	20.00	0.00	160.00	36380.00
phm2	121018	1200.00	200.00	5600.00	600.00	27000.00	120.00	0.00	6400.00	41120.00
phm2	121018	1800.00	0.00	7200.00	800.00	30000.00	400.00	0.00	2000.00	42200.00
phm2	121018	1400.00	200.00	8000.00	400.00	38000.00	120.00	0.00	3000.00	51120.00
phm2	121018	3000.00	0.00	6200.00	1400.00	40000.00	0.00	0.00	2200.00	52800.00
phm2	121018	2800.00	200.00	7800.00	400.00	42000.00	20.00	0.00	400.00	53620.00
phm2	121018	3000.00	0.00	6600.00	120.00	44000.00	0.00	0.00	200.00	53920.00
phm2	121018	2600.00	400.00	6200.00	180.00	40600.00	0.00	0.00	4000.00	53980.00
phm2	121018	2600.00	200.00	9600.00	400.00	46000.00	0.00	0.00	3600.00	62400.00
phm2	121018	4200.00	400.00	6400.00	800.00	60000.00	0.00	0.00	6800.00	78600.00
phm2	7292019	800.00	4000.00	2000.00	0.00	48000.00	0.00	0.00	8000.00	62800.00
phm2	7292019	4000.00	0.00	8000.00	0.00	66000.00	0.00	0.00	2000.00	80000.00
phm2	7292019	40.00	20.00	400.00	0.00	6600.00	0.00	20.00	20.00	7100.00
phm2	7292019	200.00	0.00	1600.00	0.00	29800.00	0.00	0.00	1200.00	32800.00
phm2	7292019	200.00	0.00	200.00	0.00	3000.00	0.00	0.00	600.00	4000.00
phm2	7292019	0.00	200.00	6000.00	0.00	54000.00	0.00	0.00	400.00	60600.00
phm2	7292019	600.00	0.00	4000.00	0.00	88000.00	0.00	0.00	200.00	92800.00
phm2	7292019	800.00	400.00	3600.00	0.00	24400.00	0.00	0.00	800.00	30000.00
phm2	7292019	400.00	0.00	14000.00	0.00	72000.00	0.00	0.00	4000.00	90400.00
phm2	7292019	200.00	0.00	600.00	0.00	35600.00	0.00	0.00	400.00	36800.00
phm2	7292019	200.00	0.00	1200.00	0.00	19600.00	0.00	0.00	3200.00	24200.00
phm2	7292019	200.00	200.00	600.00	0.00	4000.00	0.00	0.00	0.00	5000.00
phm2	7292019	200.00	200.00	4400.00	0.00	32800.00	0.00	200.00	2400.00	40200.00
phm2	7292019	0.00	0.00	200.00	0.00	7600.00	0.00	0.00	80.00	7880.00
phm2	7292019	1000.00	0.00	3000.00	0.00	16000.00	0.00	0.00	800.00	20800.00
phm2	7292019	40.00	200.00	600.00	0.00	10000.00	0.00	0.00	1000.00	11840.00
phm2	7292019	1600.00	800.00	400.00	0.00	5000.00	0.00	0.00	39200.00	47000.00
phm2	7292019	200.00	0.00	1400.00	0.00	27800.00	0.00	0.00	5800.00	35200.00
phm2	7292019	200.00	400.00	2400.00	0.00	29800.00	0.00	0.00	3600.00	36400.00
phm2	7292019	1400.00	400.00	2000.00	0.00	34000.00	0.00	0.00	1800.00	39600.00
phm2	7292019	200.00	0.00	800.00	0.00	11400.00	0.00	0.00	600.00	13000.00
phm2	7292019	1200.00	0.00	3200.00	0.00	29200.00	0.00	0.00	1000.00	34600.00
phm2	7292019	0.00	0.00	1000.00	0.00	16600.00	0.00	0.00	0.00	17600.00
phm2	7292019	400.00	0.00	1200.00	0.00	11600.00	0.00	0.00	0.00	13200.00
phm2	7292019	0.00	0.00	0.00	0.00	3400.00	0.00	0.00	0.00	3400.00
phm2	7292019	200.00	0.00	200.00	0.00	3800.00	0.00	0.00	0.00	4200.00
phm2	7292019	800.00	0.00	4000.00	0.00	44000.00	0.00	0.00	2000.00	50800.00
phm2	7292019	400.00	0.00	1800.00	0.00	18000.00	0.00	0.00	400.00	20600.00
phm2	7292019	200.00	0.00	200.00	0.00	2200.00	0.00	0.00	0.00	2600.00
phm2	7292019	1600.00	0.00	200.00	0.00	5000.00	0.00	0.00	0.00	6800.00
phm2	7292019	400.00	800.00	400.00	0.00	18800.00	0.00	0.00	3800.00	24200.00
phm2	7292019	4000.00	0.00	4000.00	1000.00	62000.00	0.00	0.00	0.00	71000.00
phm2	7292019	400.00	400.00	14000.00	0.00	88000.00	0.00	0.00	2000.00	104800.00
phm2	7292019	200.00	0.00	800.00	0.00	25400.00	0.00	0.00	2200.00	28600.00
phm2	7292019	1400.00	200.00	2200.00	0.00	28200.00	0.00	0.00	4000.00	36000.00
phm2	7292019	400.00	0.00	3000.00	1000.00	35000.00	0.00	0.00	1400.00	40800.00
vhp1	9112019	13600.00	7400.00	5800.00	5600.00	23000.00	40.00	0.00	6400.00	61840.00
vhp1	9112019	200.00	0.00	2400.00	8200.00	5400.00	0.00	0.00	800.00	17000.00
vhp1	9112019	36000.00	200.00	5200.00	2200.00	63600.00	0.00	0.00	2000.00	109200.00
vhp1	9112019	28400.00	0.00	6200.00	2000.00	44000.00	0.00	0.00	200.00	80800.00
vhp1	9112019	24000.00	0.00	4600.00	6200.00	42200.00	0.00	0.00	400.00	77400.00
vhp1	9112019	6000.00	0.00	4800.00	140.00	42600.00	20.00	0.00	0.00	53560.00
vhp1	9112019	26000.00	0.00	5800.00	2000.00	49800.00	0.00	0.00	800.00	84400.00
vhp1	9112019	20400.00	0.00	6000.00	5600.00	39600.00	200.00	0.00	0.00	71800.00
vhp1	9112019	22000.00	0.00	5600.00	6400.00	40600.00	20.00	0.00	0.00	74620.00
vhp1	9112019	15800.00	0.00	5000.00	200.00	62000.00	0.00	0.00	400.00	83400.00
vhp1	9112019	20800.00	200.00	6000.00	6800.00	41400.00	200.00	0.00	1600.00	77000.00
vhp1	9112019	40000.00	0.00	6400.00	9400.00	40000.00	0.00	0.00	800.00	96600.00
vhp1	9162019	100000.00	400.00	1600.00	1000.00	160000.00	0.00	0.00	800.00	263800.00
vhp1	9162019	8600.00	400.00	3600.00	6200.00	5400.00	0.00	6400.00	200.00	30800.00
vhp1	9162019	10400.00	0.00	3200.00	200.00	7200.00	20.00	60.00	800.00	21880.00
vhp1	9162019	86400.00	200.00	1800.00	2200.00	61600.00	0.00	60.00	3400.00	155660.00
vhp1	9162019	42000.00	0.00	5800.00	600.00	800.00	0.00	3000.00	800.00	53000.00
vhp1	9162019	143200.00	0.00	1800.00	1000.00	163600.00	0.00	0.00	7000.00	316600.00
vhp1	9162019	180000.00	0.00	5600.00	4200.00	110000.00	0.00	0.00	7200.00	307000.00
vhp1	9162019	11800.00	200.00	3600.00	600.00	8200.00	0.00	60.00	600.00	25060.00
vhp1	9162019	40600.00	0.00	5200.00	5000.00	4800.00	200.00	2800.00	400.00	59000.00
vhp1	9162019	11400.00	400.00	4600.00	5000.00	10600.00	200.00	40.00	1200.00	33440.00
vhp1	9162019	31600.00	0.00	4000.00	400.00	7600.00	40.00	3000.00	1000.00	47640.00
vhp1	9162019	170000.00	0.00	5000.00	400.00	160000.00	400.00	0.00	9200.00	345000.00
vhp1	9162019	200000.00	0.00	1000.00	2200.00	20000.00	0.00	0.00	12600.00	235800.00
vhp1	9162019	124400.00	400.00	2800.00	1400.00	102000.00	0.00	200.00	6200.00	237400.00
vhp1	9162019	23800.00	200.00	3200.00	3000.00	19000.00	200.00	0.00	13200.00	62600.00
vhp1	9162019	11800.00	0.00	3800.00	800.00	6800.00	0.00	40.00	1000.00	24240.00
vhp1	9162019	17400.00	200.00	4200.00	4200.00	11200.00	0.00	80.00	2200.00	39480.00
vhp1	9162019	100000.00	0.00	3200.00	200.00	160000.00	40.00	40.00	1800.00	265280.00
vhp1	9162019	29000.00	0.00	2400.00	2000.00	7200.00	400.00	12800.00	400.00	54200.00
vhp1	9162019	91000.00	0.00	5400.00	200.00	19600.00	0.00	60.00	400.00	116660.00
vhp1	9162019	61600.00	0.00	5800.00	600.00	4000.00	20.00	60.00	600.00	72680.00
vhp1	9162019	42000.00	600.00	1400.00	2000.00	43000.00	200.00	0.00	7000.00	96200.00
vhp1	9162019	102400.00	0.00	2800.00	1200.00	41200.00	40.00	60.00	6200.00	153900.00
vhp1	9162019	87200.00	0.00	3800.00	1000.00	50400.00	2600.00	0.00	11000.00	156000.00
vhp1	9162019	13000.00	400.00	3200.00	80.00	9200.00	0.00	0.00	1200.00	27080.00
vhp1	9162019	84000.00	200.00	3000.00	3400.00	86200.00	60.00	60.00	5200.00	182120.00
vhp1	9162019	100000.00	0.00	800.00	2000.00	100000.00	0.00	0.00	6800.00	209600.00
vhp1	9162019	9000.00	200.00	3000.00	4000.00	5400.00	0.00	0.00	400.00	22000.00
vhp1	9162019	11800.00	400.00	5000.00	100.00	9600.00	200.00	200.00	1000.00	28300.00
vhp1	9162019	80000.00	200.00	3000.00	200.00	100000.00	20.00	20.00	3600.00	187040.00
vhp1	9162019	14000.00	1000.00	3400.00	1000.00	14000.00	0.00	0.00	2400.00	35800.00
vhp1	9162019	200000.00	0.00	5000.00	4000.00	160000.00	0.00	0.00	10000.00	379000.00
vhp1	9162019	41400.00	200.00	3200.00	2400.00	43000.00	200.00	200.00	4800.00	95400.00
vhp1	9162019	200000.00	0.00	4000.00	1000.00	200000.00	0.00	0.00	4000.00	409000.00
vhp1	9162019	30000.00	400.00	3200.00	1000.00	20000.00	200.00	200.00	5200.00	60200.00
vhp1	9162019	23000.00	800.00	5400.00	6000.00	3000.00	0.00	0.00	200.00	38400.00
vhp1	10252019	27200.00	0.00	0.00	20.00	73600.00	20.00	0.00	14400.00	115240.00
vhp1	10252019	26400.00	0.00	0.00	200.00	56000.00	20.00	0.00	4800.00	87420.00
vhp1	10252019	25600.00	0.00	0.00	200.00	60000.00	0.00	0.00	200.00	86000.00
vhp1	10252019	26400.00	0.00	0.00	600.00	46400.00	200.00	0.00	6800.00	80400.00
vhp1	10252019	30400.00	0.00	0.00	400.00	72000.00	0.00	0.00	2000.00	104800.00
vhp1	10252019	15200.00	0.00	0.00	140.00	41600.00	0.00	0.00	800.00	57740.00
vhp1	10252019	800.00	0.00	400.00	0.00	48800.00	0.00	0.00	3200.00	53200.00
vhp1	10252019	5200.00	0.00	0.00	200.00	27400.00	0.00	0.00	400.00	33200.00
vhp1	10252019	33600.00	0.00	0.00	600.00	63200.00	0.00	0.00	800.00	98200.00
vhp1	10252019	25600.00	400.00	0.00	400.00	52800.00	0.00	0.00	2200.00	81400.00
vhp1	10252019	16600.00	0.00	0.00	1000.00	64800.00	20.00	0.00	9000.00	91420.00
vhp1	10252019	33600.00	0.00	200.00	200.00	57600.00	0.00	0.00	5200.00	96800.00
vhp1	10252019	40000.00	0.00	0.00	200.00	49600.00	0.00	0.00	1200.00	91000.00
vhp1	10252019	16600.00	0.00	0.00	400.00	43200.00	0.00	0.00	3400.00	63600.00
vhp1	10252019	10800.00	0.00	0.00	200.00	56000.00	0.00	0.00	200.00	67200.00
vhp1	10252019	29600.00	0.00	0.00	400.00	84000.00	0.00	0.00	60.00	114060.00
vhp1	10252019	22400.00	0.00	0.00	600.00	32800.00	400.00	0.00	1600.00	57800.00
vhp1	10252019	12800.00	0.00	0.00	160.00	51200.00	0.00	0.00	800.00	64960.00
vhp1	10252019	30400.00	0.00	0.00	200.00	57600.00	20.00	0.00	2200.00	90420.00
vhp1	10252019	40000.00	0.00	0.00	200.00	84000.00	0.00	0.00	600.00	124800.00
vhp1	10252019	13600.00	0.00	0.00	200.00	71200.00	0.00	0.00	4200.00	89200.00
vhp1	10252019	60000.00	0.00	0.00	200.00	72800.00	0.00	0.00	1000.00	134000.00
vhp1	10252019	46400.00	0.00	0.00	200.00	72000.00	0.00	0.00	1400.00	120000.00
vhp1	10252019	19800.00	0.00	0.00	200.00	67200.00	0.00	20.00	600.00	87820.00
vhp1	10252019	17600.00	0.00	0.00	80.00	26000.00	200.00	0.00	400.00	44280.00
vhp1	10252019	29200.00	0.00	0.00	40.00	68800.00	0.00	0.00	5200.00	103240.00
vhp1	10252019	1600.00	0.00	0.00	0.00	12200.00	0.00	0.00	800.00	14600.00
vhp1	10252019	36800.00	0.00	0.00	400.00	88000.00	0.00	0.00	12000.00	137200.00
vhp1	10252019	32800.00	0.00	0.00	600.00	72800.00	0.00	0.00	1800.00	108000.00
vhp1	10252019	33600.00	0.00	0.00	200.00	84800.00	20.00	0.00	4200.00	122820.00
vhp1	10252019	3000.00	0.00	0.00	20.00	14600.00	0.00	20.00	600.00	18240.00
vhp1	10252019	3800.00	0.00	0.00	0.00	16600.00	0.00	20.00	1000.00	21420.00
vhp1	10252019	3400.00	0.00	0.00	0.00	20400.00	0.00	200.00	9000.00	33000.00
vhp1	10252019	1600.00	0.00	0.00	20.00	7200.00	0.00	0.00	100.00	8920.00
vhp1	10252019	11400.00	0.00	0.00	180.00	41600.00	0.00	0.00	20.00	53200.00
vhp1	10252019	20800.00	0.00	0.00	140.00	51200.00	20.00	0.00	2000.00	74160.00
daf2	10202021	0	0	8	40	400	0	0	14	246
daf2	10202021	0	0	200	180	320	0	0	0	2120
daf2	10202021	0	0	80	80	220	0	0	0	228
daf2	10202021	0	20	60	80	800	0	0	6	162
daf2	10202021	0	4	40	36	30	0	0	2	686
daf2	10202021	80	0	200	60	300	0	0	0	820
daf2	10202021	0	0	14	36	40	0	0	0	3666
daf2	10202021	0	4	20	36	40	0	0	0	760
daf2	10202021	0	8	26	24	60	0	0	8	0
daf2	10202021	0	2	18	30	50	0	0	0	1540
daf2	10202021	0	0	280	80	400	0	0	40	524
daf2	10202021	0	20	260	100	400	0	0	0	2360
daf2	10202021	0	40	100	20	200	0	0	0	760
daf2	10202021	0	0	40	38	26	0	0	0	1370
daf2	10202021	0	6	48	34	30	0	0	0	2006
daf2	10202021	0	0	60	60	100	0	0	20	2382
daf2	10202021	0	0	38	38	34	0	0	4	1940
daf2	10202021	0	20	200	20	2000	0	0	380	7260
daf2	10202021	20	0	100	60	100	0	0	0	1142
daf2	10202021	4	8	20	34	30	0	0	0	1920
daf2	10202021	0	4	40	36	20	0	0	0	1642
daf2	10202021	0	20	200	80	100	0	0	0	2304
daf2	10202021	0	20	300	200	500	0	0	20	1480
