Treatment	Condition	Date	Rep	Count	D	CFU	logCFU
Bleach	SA	20210212	1	0	0	0	0
Bleach	SA	20210212	1	1	1	200	2.301029996
Bleach	SA	20210212	1	3	1	600	2.77815125
Bleach	SA	20210212	1	0	0	0	0
Bleach	SA	20210212	1	2	1	400	2.602059991
Bleach	SA	20210212	1	14	1	2800	3.447158031
Bleach	SA	20210212	1	0	0	0	0
Bleach	SA	20210212	1	0	0	0	0
Bleach	SA	20210212	1	0	0	0	0
Bleach	SA	20210212	1	0	0	0	0
Bleach	SA	20210212	1	5	2	10000	4
Bleach	SA	20210212	1	13	1	2600	3.414973348
Bleach	SA	20210212	1	0	0	0	0
Bleach	SA	20210212	1	4	1	800	2.903089987
Bleach	SA	20210212	1	0	0	0	0
Bleach	SA	20210212	1	8	1	1600	3.204119983
Bleach	SA	20210212	1	5	1	1000	3
Bleach	SA	20210212	1	0	0	0	0
Bleach	SA	20210212	1	9	1	1800	3.255272505
Bleach	SA	20210212	1	2	1	400	2.602059991
Bleach	SA	20210212	1	19	1	3800	3.579783597
Bleach	SA	20210212	1	0	0	0	0
Bleach	SA	20210212	1	7	1	1400	3.146128036
Bleach	SA	20210212	1	10	1	2000	3.301029996
NoBleach	SA	20210212	1	0	0	0	0
NoBleach	SA	20210212	1	0	0	0	0
NoBleach	SA	20210212	1	0	0	0	0
NoBleach	SA	20210212	1	5	2	10000	4
NoBleach	SA	20210212	1	0	0	0	0
NoBleach	SA	20210212	1	2	2	4000	3.602059991
NoBleach	SA	20210212	1	3	2	6000	3.77815125
NoBleach	SA	20210212	1	13	1	2600	3.414973348
NoBleach	SA	20210212	1	6	1	1200	3.079181246
NoBleach	SA	20210212	1	6	2	12000	4.079181246
NoBleach	SA	20210212	1	16	1	3200	3.505149978
NoBleach	SA	20210212	1	6	1	1200	3.079181246
NoBleach	SA	20210212	1	12	1	2400	3.380211242
NoBleach	SA	20210212	1	6	2	12000	4.079181246
NoBleach	SA	20210212	1	0	0	0	0
NoBleach	SA	20210212	1	5	2	10000	4
NoBleach	SA	20210212	1	0	0	0	0
NoBleach	SA	20210212	1	4	2	8000	3.903089987
NoBleach	SA	20210212	1	8	2	16000	4.204119983
NoBleach	SA	20210212	1	0	0	0	0
NoBleach	SA	20210212	1	5	1	1000	3
NoBleach	SA	20210212	1	15	2	30000	4.477121255
NoBleach	SA	20210212	1	10	2	20000	4.301029996
NoBleach	SA	20210212	1	29	2	58000	4.763427994
Bleach	SA	20210207	2	0	0	0	0
Bleach	SA	20210207	2	30	1	6000	3.77815125
Bleach	SA	20210207	2	22	1	4400	3.643452676
Bleach	SA	20210207	2	0	0	0	0
Bleach	SA	20210207	2	10	1	2000	3.301029996
Bleach	SA	20210207	2	7	1	1400	3.146128036
Bleach	SA	20210207	2	10	2	20000	4.301029996
Bleach	SA	20210207	2	0	0	0	0
Bleach	SA	20210207	2	24	1	4800	3.681241237
Bleach	SA	20210207	2	6	1	1200	3.079181246
Bleach	SA	20210207	2	11	1	2200	3.342422681
Bleach	SA	20210207	2	0	0	0	0
Bleach	SA	20210207	2	40	1	8000	3.903089987
Bleach	SA	20210207	2	28	1	5600	3.748188027
Bleach	SA	20210207	2	10	1	2000	3.301029996
Bleach	SA	20210207	2	25	2	50000	4.698970004
Bleach	SA	20210207	2	12	1	2400	3.380211242
Bleach	SA	20210207	2	0	0	0	0
Bleach	SA	20210207	2	2	1	400	2.602059991
Bleach	SA	20210207	2	30	1	6000	3.77815125
Bleach	SA	20210207	2	1	1	200	2.301029996
Bleach	SA	20210207	2	21	1	4200	3.62324929
Bleach	SA	20210207	2	22	1	4400	3.643452676
Bleach	SA	20210207	2	0	0	0	0
NoBleach	SA	20210207	2	43	2	86000	4.934498451
NoBleach	SA	20210207	2	0	0	0	0
NoBleach	SA	20210207	2	29	2	58000	4.763427994
NoBleach	SA	20210207	2	0	0	0	0
NoBleach	SA	20210207	2	0	0	0	0
NoBleach	SA	20210207	2	0	0	0	0
NoBleach	SA	20210207	2	13	2	26000	4.414973348
NoBleach	SA	20210207	2	21	2	42000	4.62324929
NoBleach	SA	20210207	2	2	1	400	2.602059991
NoBleach	SA	20210207	2	0	0	0	0
NoBleach	SA	20210207	2	33	2	66000	4.819543936
NoBleach	SA	20210207	2	1	1	200	2.301029996
NoBleach	SA	20210207	2	0	0	0	0
NoBleach	SA	20210207	2	0	0	0	0
NoBleach	SA	20210207	2	19	2	38000	4.579783597
NoBleach	SA	20210207	2	0	0	0	0
NoBleach	SA	20210207	2	18	2	36000	4.556302501
NoBleach	SA	20210207	2	2	1	400	2.602059991
NoBleach	SA	20210207	2	15	2	30000	4.477121255
NoBleach	SA	20210207	2	3	1	600	2.77815125
NoBleach	SA	20210207	2	4	1	800	2.903089987
NoBleach	SA	20210207	2	4	2	8000	3.903089987
NoBleach	SA	20210207	2	11	2	22000	4.342422681
NoBleach	SA	20210207	2	1	1	200	2.301029996
Bleach	SA	20210423	3	14	1	2800	3.447158031
Bleach	SA	20210423	3	5	1	1000	3
Bleach	SA	20210423	3	23	1	4600	3.662757832
Bleach	SA	20210423	3	2	1	400	2.602059991
Bleach	SA	20210423	3	12	1	2400	3.380211242
Bleach	SA	20210423	3	13	2	26000	4.414973348
Bleach	SA	20210423	3	9	2	18000	4.255272505
Bleach	SA	20210423	3	25	1	5000	3.698970004
Bleach	SA	20210423	3	6	2	12000	4.079181246
Bleach	SA	20210423	3	5	2	10000	4
Bleach	SA	20210423	3	3	1	600	2.77815125
Bleach	SA	20210423	3	5	2	10000	4
Bleach	SA	20210423	3	22	1	4400	3.643452676
Bleach	SA	20210423	3	15	1	3000	3.477121255
Bleach	SA	20210423	3	13	1	2600	3.414973348
Bleach	SA	20210423	3	7	1	1400	3.146128036
Bleach	SA	20210423	3	2	2	4000	3.602059991
Bleach	SA	20210423	3	2	2	4000	3.602059991
Bleach	SA	20210423	3	11	2	22000	4.342422681
Bleach	SA	20210423	3	2	2	4000	3.602059991
Bleach	SA	20210423	3	4	2	8000	3.903089987
Bleach	SA	20210423	3	6	2	12000	4.079181246
Bleach	SA	20210423	3	2	2	4000	3.602059991
Bleach	SA	20210423	3	5	2	10000	4
NoBleach	SA	20210423	3	15	1	3000	3.477121255
NoBleach	SA	20210423	3	0	0	0	0
NoBleach	SA	20210423	3	4	1	800	2.903089987
NoBleach	SA	20210423	3	3	1	600	2.77815125
NoBleach	SA	20210423	3	6	1	1200	3.079181246
NoBleach	SA	20210423	3	0	0	0	0
NoBleach	SA	20210423	3	24	1	4800	3.681241237
NoBleach	SA	20210423	3	36	1	7200	3.857332496
NoBleach	SA	20210423	3	0	0	0	0
NoBleach	SA	20210423	3	5	1	1000	3
NoBleach	SA	20210423	3	20	1	4000	3.602059991
NoBleach	SA	20210423	3	9	1	1800	3.255272505
NoBleach	SA	20210423	3	5	1	1000	3
NoBleach	SA	20210423	3	3	1	600	2.77815125
NoBleach	SA	20210423	3	7	2	14000	4.146128036
NoBleach	SA	20210423	3	0	0	0	0
NoBleach	SA	20210423	3	5	1	1000	3
NoBleach	SA	20210423	3	7	1	1400	3.146128036
NoBleach	SA	20210423	3	8	1	1600	3.204119983
NoBleach	SA	20210423	3	0	0	0	0
NoBleach	SA	20210423	3	12	1	2400	3.380211242
NoBleach	SA	20210423	3	18	1	3600	3.556302501
NoBleach	SA	20210423	3	8	1	1600	3.204119983
NoBleach	SA	20210423	3	6	1	1200	3.079181246
Bleach	SA	20210623	4	16	0	320	2.505149978
Bleach	SA	20210623	4	0	0	0	0
Bleach	SA	20210623	4	11	1	2200	3.342422681
Bleach	SA	20210623	4	13	2	26000	4.414973348
Bleach	SA	20210623	4	23	0	460	2.662757832
Bleach	SA	20210623	4	5	0	100	2
Bleach	SA	20210623	4	19	1	3800	3.579783597
Bleach	SA	20210623	4	23	1	4600	3.662757832
Bleach	SA	20210623	4	30	0	600	2.77815125
Bleach	SA	20210623	4	7	2	14000	4.146128036
Bleach	SA	20210623	4	1	0	20	1.301029996
Bleach	SA	20210623	4	23	0	460	2.662757832
Bleach	SA	20210623	4	6	1	1200	3.079181246
Bleach	SA	20210623	4	5	1	1000	3
Bleach	SA	20210623	4	0	0	0	0
Bleach	SA	20210623	4	5	1	1000	3
Bleach	SA	20210623	4	8	2	16000	4.204119983
Bleach	SA	20210623	4	24	2	48000	4.681241237
Bleach	SA	20210623	4	7	2	14000	4.146128036
Bleach	SA	20210623	4	9	0	180	2.255272505
Bleach	SA	20210623	4	13	1	2600	3.414973348
Bleach	SA	20210623	4	9	0	180	2.255272505
Bleach	SA	20210623	4	5	1	1000	3
Bleach	SA	20210623	4	33	2	66000	4.819543936
NoBleach	SA	20210623	4	32	0	640	2.806179974
NoBleach	SA	20210623	4	4	2	8000	3.903089987
NoBleach	SA	20210623	4	0	0	0	0
NoBleach	SA	20210623	4	17	0	340	2.531478917
NoBleach	SA	20210623	4	15	1	3000	3.477121255
NoBleach	SA	20210623	4	14	2	28000	4.447158031
NoBleach	SA	20210623	4	0	0	0	0
NoBleach	SA	20210623	4	8	2	16000	4.204119983
NoBleach	SA	20210623	4	22	2	44000	4.643452676
NoBleach	SA	20210623	4	3	0	60	1.77815125
NoBleach	SA	20210623	4	9	0	180	2.255272505
NoBleach	SA	20210623	4	12	0	240	2.380211242
NoBleach	SA	20210623	4	6	2	12000	4.079181246
NoBleach	SA	20210623	4	15	1	3000	3.477121255
NoBleach	SA	20210623	4	0	0	0	0
NoBleach	SA	20210623	4	16	2	32000	4.505149978
NoBleach	SA	20210623	4	20	2	40000	4.602059991
NoBleach	SA	20210623	4	31	1	6200	3.792391689
NoBleach	SA	20210623	4	5	1	1000	3
NoBleach	SA	20210623	4	25	1	5000	3.698970004
NoBleach	SA	20210623	4	22	0	440	2.643452676
NoBleach	SA	20210623	4	28	1	5600	3.748188027
NoBleach	SA	20210623	4	29	1	5800	3.763427994
NoBleach	SA	20210623	4	7	0	140	2.146128036
Bleach	SA	20210630	5	6	1	1200	3.079181246
Bleach	SA	20210630	5	6	1	1200	3.079181246
Bleach	SA	20210630	5	5	1	1000	3
Bleach	SA	20210630	5	0	0	0	0
Bleach	SA	20210630	5	0	0	0	0
Bleach	SA	20210630	5	7	1	1400	3.146128036
Bleach	SA	20210630	5	15	2	30000	4.477121255
Bleach	SA	20210630	5	10	1	2000	3.301029996
Bleach	SA	20210630	5	9	0	180	2.255272505
Bleach	SA	20210630	5	2	2	4000	3.602059991
Bleach	SA	20210630	5	9	1	1800	3.255272505
Bleach	SA	20210630	5	1	0	20	1.301029996
Bleach	SA	20210630	5	5	0	100	2
Bleach	SA	20210630	5	21	1	4200	3.62324929
Bleach	SA	20210630	5	15	2	30000	4.477121255
Bleach	SA	20210630	5	11	0	220	2.342422681
Bleach	SA	20210630	5	0	0	0	0
Bleach	SA	20210630	5	14	2	28000	4.447158031
Bleach	SA	20210630	5	30	2	60000	4.77815125
Bleach	SA	20210630	5	22	2	44000	4.643452676
Bleach	SA	20210630	5	9	0	180	2.255272505
Bleach	SA	20210630	5	7	2	14000	4.146128036
Bleach	SA	20210630	5	15	1	3000	3.477121255
Bleach	SA	20210630	5	11	2	22000	4.342422681
NoBleach	SA	20210630	5	17	1	3400	3.531478917
NoBleach	SA	20210630	5	1	0	20	1.301029996
NoBleach	SA	20210630	5	0	0	0	0
NoBleach	SA	20210630	5	2	0	40	1.602059991
NoBleach	SA	20210630	5	11	0	220	2.342422681
NoBleach	SA	20210630	5	0	0	0	0
NoBleach	SA	20210630	5	8	2	16000	4.204119983
NoBleach	SA	20210630	5	8	2	16000	4.204119983
NoBleach	SA	20210630	5	11	1	2200	3.342422681
NoBleach	SA	20210630	5	8	0	160	2.204119983
NoBleach	SA	20210630	5	20	0	400	2.602059991
NoBleach	SA	20210630	5	6	2	12000	4.079181246
NoBleach	SA	20210630	5	13	0	260	2.414973348
NoBleach	SA	20210630	5	20	2	40000	4.602059991
NoBleach	SA	20210630	5	10	1	2000	3.301029996
NoBleach	SA	20210630	5	0	0	0	0
NoBleach	SA	20210630	5	20	0	400	2.602059991
NoBleach	SA	20210630	5	1	0	20	1.301029996
NoBleach	SA	20210630	5	4	2	8000	3.903089987
NoBleach	SA	20210630	5	12	1	2400	3.380211242
NoBleach	SA	20210630	5	16	2	32000	4.505149978
NoBleach	SA	20210630	5	25	0	500	2.698970004
NoBleach	SA	20210630	5	10	0	200	2.301029996
NoBleach	SA	20210630	5	1	0	20	1.301029996
Bleach	SA	20220218	6	25	2	50000	4.698970004
Bleach	SA	20220218	6	21	2	42000	4.62324929
Bleach	SA	20220218	6	35	2	70000	4.84509804
Bleach	SA	20220218	6	2	0	40	1.602059991
Bleach	SA	20220218	6	23	0	460	2.662757832
Bleach	SA	20220218	6	3	0	60	1.77815125
Bleach	SA	20220218	6	20	2	40000	4.602059991
Bleach	SA	20220218	6	51	2	102000	5.008600172
Bleach	SA	20220218	6	21	2	42000	4.62324929
Bleach	SA	20220218	6	29	1	5800	3.763427994
Bleach	SA	20220218	6	26	1	5200	3.716003344
Bleach	SA	20220218	6	23	1	4600	3.662757832
Bleach	SA	20220218	6	1	0	20	1.301029996
Bleach	SA	20220218	6	7	1	1400	3.146128036
Bleach	SA	20220218	6	51	1	10200	4.008600172
Bleach	SA	20220218	6	7	2	14000	4.146128036
Bleach	SA	20220218	6	81	1	16200	4.209515015
Bleach	SA	20220218	6	85	1	17000	4.230448921
Bleach	SA	20220218	6	39	0	780	2.892094603
Bleach	SA	20220218	6	18	1	3600	3.556302501
Bleach	SA	20220218	6	44	2	88000	4.944482672
Bleach	SA	20220218	6	0	0	0	0
Bleach	SA	20220218	6	10	1	2000	3.301029996
Bleach	SA	20220218	6	2	0	40	1.602059991
Bleach	SE	20210315	1	20	2	40000	4.602059991
Bleach	SE	20210315	1	27	0	540	2.73239376
Bleach	SE	20210315	1	12	1	2400	3.380211242
Bleach	SE	20210315	1	9	2	18000	4.255272505
Bleach	SE	20210315	1	13	0	260	2.414973348
Bleach	SE	20210315	1	26	2	52000	4.716003344
Bleach	SE	20210315	1	18	0	360	2.556302501
Bleach	SE	20210315	1	16	1	3200	3.505149978
Bleach	SE	20210315	1	20	0	400	2.602059991
Bleach	SE	20210315	1	14	2	28000	4.447158031
Bleach	SE	20210315	1	33	2	66000	4.819543936
Bleach	SE	20210315	1	27	2	54000	4.73239376
Bleach	SE	20210315	1	7	1	1400	3.146128036
Bleach	SE	20210315	1	44	2	88000	4.944482672
Bleach	SE	20210315	1	8	1	1600	3.204119983
Bleach	SE	20210315	1	33	2	66000	4.819543936
Bleach	SE	20210315	1	19	0	380	2.579783597
Bleach	SE	20210315	1	25	2	50000	4.698970004
NoBleach	SE	20210315	1	4	0	80	1.903089987
NoBleach	SE	20210315	1	21	0	420	2.62324929
NoBleach	SE	20210315	1	18	1	3600	3.556302501
NoBleach	SE	20210315	1	29	2	58000	4.763427994
NoBleach	SE	20210315	1	24	1	4800	3.681241237
NoBleach	SE	20210315	1	13	0	260	2.414973348
NoBleach	SE	20210315	1	38	2	76000	4.880813592
NoBleach	SE	20210315	1	60	2	120000	5.079181246
NoBleach	SE	20210315	1	26	1	5200	3.716003344
NoBleach	SE	20210315	1	3	0	60	1.77815125
NoBleach	SE	20210315	1	25	0	500	2.698970004
NoBleach	SE	20210315	1	18	2	36000	4.556302501
NoBleach	SE	20210315	1	17	0	340	2.531478917
NoBleach	SE	20210315	1	19	0	380	2.579783597
NoBleach	SE	20210315	1	33	2	66000	4.819543936
NoBleach	SE	20210315	1	60	2	120000	5.079181246
NoBleach	SE	20210315	1	6	0	120	2.079181246
NoBleach	SE	20210315	1	8	1	1600	3.204119983
NoBleach	SE	20210315	1	6	1	1200	3.079181246
NoBleach	SE	20210315	1	11	0	220	2.342422681
NoBleach	SE	20210315	1	3	0	60	1.77815125
NoBleach	SE	20210315	1	70	2	140000	5.146128036
NoBleach	SE	20210315	1	10	2	20000	4.301029996
Bleach	SE	20210308	2	2	1	400	2.602059991
Bleach	SE	20210308	2	4	1	800	2.903089987
Bleach	SE	20210308	2	1	1	200	2.301029996
Bleach	SE	20210308	2	27	2	54000	4.73239376
Bleach	SE	20210308	2	3	2	6000	3.77815125
NoBleach	SE	20210308	2	5	1	1000	3
NoBleach	SE	20210308	2	2	1	400	2.602059991
NoBleach	SE	20210308	2	3	1	600	2.77815125
NoBleach	SE	20210308	2	0	0	0	0
NoBleach	SE	20210308	2	21	2	42000	4.62324929
NoBleach	SE	20210308	2	12	2	24000	4.380211242
NoBleach	SE	20210308	2	15	1	3000	3.477121255
NoBleach	SE	20210308	2	3	1	600	2.77815125
NoBleach	SE	20210308	2	7	1	1400	3.146128036
NoBleach	SE	20210308	2	17	2	34000	4.531478917
NoBleach	SE	20210308	2	1	1	200	2.301029996
NoBleach	SE	20210308	2	18	2	36000	4.556302501
NoBleach	SE	20210308	2	26	3	520000	5.716003344
NoBleach	SE	20210308	2	0	0	0	0
NoBleach	SE	20210308	2	25	2	50000	4.698970004
NoBleach	SE	20210308	2	9	2	18000	4.255272505
NoBleach	SE	20210308	2	9	2	18000	4.255272505
NoBleach	SE	20210308	2	3	2	6000	3.77815125
NoBleach	SE	20210308	2	4	2	8000	3.903089987
NoBleach	SE	20210308	2	8	1	1600	3.204119983
NoBleach	SE	20210308	2	0	0	0	0
NoBleach	SE	20210308	2	0	0	0	0
NoBleach	SE	20210308	2	10	2	20000	4.301029996
NoBleach	SE	20210308	2	4	1	800	2.903089987
Bleach	SE	20220618	3	46	1	9200	3.963787827
Bleach	SE	20220618	3	29	2	58000	4.763427994
Bleach	SE	20220618	3	29	0	580	2.763427994
Bleach	SE	20220618	3	71	2	142000	5.152288344
Bleach	SE	20220618	3	1	0	20	1.301029996
Bleach	SE	20220618	3	34	2	68000	4.832508913
Bleach	SE	20220618	3	0	0	0	0
Bleach	SE	20220618	3	65	1	13000	4.113943352
Bleach	SE	20220618	3	53	2	106000	5.025305865
Bleach	SE	20220618	3	17	1	3400	3.531478917
Bleach	SE	20220618	3	19	2	38000	4.579783597
Bleach	SE	20220618	3	23	1	4600	3.662757832
Bleach	SE	20220618	3	39	2	78000	4.892094603
Bleach	SE	20220618	3	35	0	700	2.84509804
Bleach	SE	20220618	3	13	1	2600	3.414973348
Bleach	SE	20220618	3	23	2	46000	4.662757832
Bleach	SE	20220618	3	72	0	1440	3.158362492
Bleach	SE	20220618	3	19	1	3800	3.579783597
Bleach	SE	20220618	3	51	1	10200	4.008600172
Bleach	SE	20220618	3	27	2	54000	4.73239376
Bleach	SE	20220618	3	62	2	124000	5.093421685
Bleach	SE	20220618	3	49	1	9800	3.991226076
Bleach	SE	20220618	3	151	2	302000	5.480006943
Bleach	SE	20220618	3	41	2	82000	4.913813852
